63933
-81024
-15131
-898
1921
15978
-5876
63818
-21372
-44231
-69869
-54671
97383
4737
-17088
28131
36745
5124
39164
-86034
79381
7323
-14627
-86573
16563
-25606
-1215
40846
32946
-40986
-13109
-18003
57246
-95654
-39622
75740
-9065
-88699
-28153
66629
67708
53022
65987
52034
-41208
45008
26507
97458
65976
-76653
-49936
80289
42633
-45990
-92492
-10863
53850
57492
27778
-30598
58381
-32740
-72819
-34659
-39193
-5825
-48961
-90866
61429
74756
-62518
-25315
-76324
-78240
-85627
-10339
-86742
76981
-81302
40228
-43231
-2898
77635
-17968
36443
-14144
92986
67929
-64143
-39773
81344
75144
14504
-83266
57102
66900
42910
-97626
-70170
-57702
-18204
97670
44628
-55551
38820
6041
-40375
-42
4842
-19942
-33715
-74025
72816
-1285
85724
80853
-4587
-36598
-84498
-51632
80291
-74798
-82531
-20686
-75761
85446
11933
63473
27145
-35865
64098
-27737
78052
-17483
-25567
-90094
88099
82733
-5300
-56810
34790
-89036
1611
-50389
-95427
-51497
47879
1727
86958
-82878
-21434
-98852
84238
-58742
-29983
20150
-24270
17998
-9960
-9891
71834
-59285
-85349
64614
59768
8407
-83877
-79141
22962
-62579
74502
-89494
-22154
43090
-73444
4674
-7916
70250
43257
70502
97546
-44211
-76866
-14187
-94418
-23815
12046
-19001
36898
81256
84851
59486
-69515
-72453
47111
20199
93815
60224
27425
-86534
30103
-72752
-10383
-72784
-59301
3955
-88029
80089
39164
-95478
-25284
-63590
26311
-20861
86153
28717
-57187
-34193
45827
-23381
11406
-95208
26214
17159
90580
-33300
-74761
-98823
80127
-52243
37450
47408
25243
-97445
80207
-96810
-6604
80245
2282
65942
58718
21404
59347
-73142
-54970
-56941
6033
-75777
63414
87821
24929
12001
-58609
-59889
98500
-64872
17819
66197
-64402
-53009
-10446
87038
4276
-32223
50017
-26021
-86538
-38740
-42549
14036
55286
48830
-48465
40172
74374
-35358
-5923
60375
-35996
54224
953
-25382
92627
69395
-82152
-24216
83481
39104
19285
-10727
-56547
-37547
-80549
67101
-24121
-33027
59537
-72939
-61808
76740
-70449
80687
-10206
44103
48547
-7025
17955
87691
71846
73459
-52587
-90641
-72971
17754
48258
45590
37590
-41286
70412
-76906
80931
-70073
-23006
19755
-45593
-46744
-12111
96323
29778
-58365
70110
54779
-82133
-50145
-42127
74115
-88291
-65015
-26449
22792
-46590
81331
4801
-95411
-36804
47225
23838
48155
-75401
72051
85428
69585
-99027
75912
35818
69
-75911
-23175
-25172
82577
1320
-74811
-24057
62634
70184
-29363
6041
-3938
-78726
-43471
-40152
-80403
-64087
14237
-22396
-60505
-85915
-54359
74259
15377
16885
-85402
-14954
2228
92980
-92733
-30003
-30902
8310
-31549
-6336
1171
-68154
-74343
7643
51343
-70093
-34689
-48038
65951
-37061
56137
95836
78504
70294
78474
-61122
-70361
56574
-80051
3956
-22478
80635
-88046
-62560
-38402
15867
-7318
-72517
-98516
-23270
-17657
-38812
-95088
21272
-25315
59473
26241
4920
5341
60964
-50765
-47640
-39174
-46122
-47960
76163
-45814
-63445
-75889
-59151
39352
33751
57432
-52107
-9247
-67595
18550
32114
40618
-89240
53222
-49402
47998
92828
-9195
71307
62211
-4127
-60988
-4454
-31881
63631
6586
74410
66884
34981
-7024
4842
-47509
1413
36525
-34874
89276
42168
-27322
-12950
58771
-57185
-71620
-95358
52395
-98690
-67019
-24629
60021
-28296
-79814
-49494
85293
-22777
90220
90691
-87082
-15321
70197
25868
-52107
-78184
-42222
31131
10863
-94965
57896
-30619
-76983
-62081
68136
-19391
14472
73377
89753
73684
-87827
-95200
-4884
-86544
-44304
62679
47591
-47995
82915
-55551
-36371
94260
-28409
-63989
94556
-99778
-1381
2504
59794
94196
56594
91423
56033
69481
-4024
-87082
-51373
77855
-82026
-67220
-80461
-42088
35639
-71272
-57452
97448
-53014
57118
-66108
-18240
-19733
-48832
-20219
48328
-22154
-78740
33062
-45453
66460
-76543
69813
8149
91952
-79274
36029
-29411
-57860
27803
12386
-20840
-41549
43146
-80162
18763
-44729
-6689
-88336
-50819
-41900
11633
-52569
34990
22052
69932
-60890
84460
-66108
76140
80368
-8659
98205
-77816
67066
72816
56790
72916
74750
4032
-80681
-52163
96919
98097
33373
-68038
11008
6888
43214
89299
89139
28458
-49452
-31208
71679
74365
-4026
20068
87088
39697
14952
1032
-47683
-16594
-30261
10078
40543
-88673
-4559
-12392
-37627
24251
-60449
77037
-92358
-79969
1154
-16025
94247
43455
-59469
-92353
33769
74591
-26088
-93733
-26578
72070
16231
53881
4239
52735
7282
27778
-81781
74944
91205
-60606
14513
-41249
-53814
-2638
-37144
-33391
58121
9657
75705
82635
19564
-6681
-81238
-26657
-25258
-60240
93435
78612
81434
-26087
-52564
-54505
67324
54787
-15105
17219
42222
-96256
-60780
65209
-60276
44174
54562
53627
73797
61124
-77814
37338
-19921
88566
64945
-26083
-17298
-49589
-43799
56051
81760
-61261
-18885
-9205
75980
81474
59951
37380
-15033
-3790
-67970
18144
-14294
-14797
61830
-53080
43245
334
-5198
-1881
-1519
50920
34475
-58510
2418
-41075
62753
75170
38066
-66121
8521
39276
-23518
-31769
-11896
78286
-36028
14898
83728
82771
-60715
14314
26549
-9370
9976
70254
33132
40707
-61867
-76188
-62368
78159
65105
7768
61966
-20933
25569
2077
-1715
-56941
23587
-99504
-56177
27622
-8042
-82498
-40415
58024
-93064
9830
-33432
-24656
38844
71237
21819
63843
-89001
-47501
-87954
3448
-41900
76931
48151
-48326
-76034
24112
-3965
3058
75720
-30133
82943
-6649
78390
-72579
27839
78558
32968
7938
-33790
-88737
-63247
25693
57397
-28556
83241
-82499
-99922
-33049
84124
-76809
-2387
20007
-32981
51406
-7953
69888
87821
-71332
55390
-82953
30644
-8962
-37473
-34988
44327
-89072
38401
82045
79954
80764
-80549
-40812
-63989
79777
-32488
83279
40937
72843
31134
76796
-20375
-22147
46908
59020
-87850
-29426
-68922
-2029
75287
-78573
-75316
57446
-55995
44045
15130
-45424
-67249
79279
98212
-26650
36620
-14358
67186
98725
-19462
9221
-11500
-50906
-2106
29211
-79247
-6025
-54216
-2998
94919
43854
-90792
69982
74155
-82521
54432
6119
6544
62001
-24496
13204
-91847
-5300
6254
46287
-30329
-18562
-97816
56280
14737
85198
-78573
-33027
-5173
46713
63714
47060
-47497
-69772
-20820
-26583
73387
-72499
-64014
43763
58003
-8389
-79239
56525
13498
-34935
-17122
-38656
-57683
-63808
-85915
66250
6119
-54884
-19292
-68159
25643
95911
83831
-88426
-1841
69277
-98039
77748
-37406
-4580
31631
44429
9164
36243
33572
40108
93503
-40375
-69519
46652
-65644
50904
-79702
-91600
78689
66838
-8928
-27576
-37818
61895
30627
-77838
-50145
-18223
6992
32945
-31982
34250
-5524
-89288
-47159
88222
11160
-19239
51420
-69868
-71475
66658
-85402
-98984
18120
-73030
11569
-26581
80418
71210
-46653
31965
-59396
-21389
26883
-3211
-15516
62804
-43929
-64565
17658
-40670
-60575
-59628
83065
19244
-29867
57035
94861
-78940
-85500
52606
41758
-1552
94425
-51227
12420
46317
59020
-18955
73811
-98527
-94166
-3510
-28142
-62318
1302
-41067
-65148
-92711
59395
-89026
34329
93122
-29292
-7420
-73734
80379
35492
-59149
-26226
-15186
81555
-17872
-41261
-66893
3476
8132
90104
-25085
-45787
-54461
28950
-10437
14338
49637
43140
5122
-61155
-86899
-46058
75858
51578
-53175
-34595
92954
-33018
15724
11265
-13010
-63577
-8400
55606
26183
-52329
-58051
-26856
51490
63329
-33672
15971
58447
-33497
-6645
78915
41280
-87038
66390
91859
46904
61792
39478
-41199
97192
-24899
76152
-77002
-42393
-49081
-6169
-41238
-63611
36726
-74343
1032
51263
-24417
-27490
27408
-53125
31704
91285
-42079
-23005
-87701
-2998
84759
-3193
26732
-73142
81421
3782
88785
-99025
68156
-70628
31905
74345
-6645
-73242
67769
86472
-94793
-8623
-7900
-61946
44933
11590
-25365
15071
73977
-52111
-60220
-1026
15141
-36877
-51664
61963
78228
72201
-11482
82334
78101
23719
-85278
31934
78832
-51123
-36690
-36809
-34409
-96305
55070
64995
-94810
-83739
13952
-75203
-86283
87697
-70484
-15880
-34804
30383
12803
8545
-75892
89366
29653
78827
5120
-67466
37309
76716
10588
-52243
-63313
-27180
-69416
-90695
-76940
-17361
3014
-46085
-35941
-60780
31605
-24899
-81840
-3199
-13399
20001
-31676
-48296
-55788
176
-75259
-26624
16378
-18550
-58019
-19307
18228
32719
52954
80939
-6940
20208
70259
-6471
-20490
-37446
16211
-13097
28832
-74987
37645
-51410
5019
1614
-5611
76261
21048
-13073
63175
-44844
42910
49561
98669
-78958
-51059
-28947
53234
-27650
-40012
56068
-35054
72983
68491
95279
-75065
-59890
-27517
54265
15221
-58230
29354
31526
-20901
49051
-86593
98480
-76726
89358
93444
17253
84828
-61488
94740
56009
14314
2003
-27784
-92714
40523
-64905
34787
-69416
98923
-78436
-22147
89180
87633
-75700
62163
76697
-25150
50829
65711
-34254
-25998
-94422
-42537
-51434
-87316
63097
-72453
81281
-65406
-69140
-87728
-44231
59878
80245
64242
56985
38932
-62271
17282
-52592
72843
-90578
37462
76164
-51146
11181
-64143
-21372
-99879
-68989
-2577
-29732
72763
-68064
-43775
-52038
64955
19970
-51627
74170
-89263
-76324
-77732
38368
-69257
-58166
-67453
67193
42633
-32289
99544
44568
40225
11549
69441
-28613
32630
-79517
-8632
8701
56471
40636
-55477
15262
53488
39386
66437
-4733
-82605
-81225
39016
30213
-4517
31605
-11437
-32724
4396
-38303
26367
74855
-33481
-53780
7784
-96847
96860
79195
79277
-89767
-72146
-28135
68893
-35168
-72843
93367
-73897
69206
36726
-98105
65349
-71755
30148
24217
58116
-13652
-82498
94455
-96151
56338
64301
21837
90176
-69772
-60455
44711
64145
-81859
-48109
81278
-9304
-36870
32151
46162
-16056
-12306
-6119
-78914
53279
91624
-30324
77346
-26310
64528
-24312
33586
-45554
-28830
14520
-74711
4995
-13613
-29620
73668
-42772
53912
30086
-16223
94687
70023
-83014
-49359
81483
45972
-70652
51948
-51000
-82180
-56071
31497
17754
70445
-87494
-69005
46140
-17337
21546
48047
55949
50823
17089
71649
-86890
52641
37311
49997
39655
-40624
15292
-11332
-13964
12803
-53238
42117
11145
-21253
19232
-96182
-60538
-63663
-16424
23772
72147
-15591
99798
-51439
13242
53276
96056
-65725
-51943
93851
42127
43716
-20417
-38236
50711
-66190
-36690
85683
20548
-76583
96721
-84032
-824
-16957
75605
6245
-10889
51759
-6227
79727
70489
70481
-1090
-32998
-12846
56051
-94331
35252
-14835
14415
-26957
78381
-67299
61896
-81827
3810
-57181
35642
-13272
-69014
636
9967
-48453
79141
53345
21912
90456
12029
3309
39129
-74142
68243
30327
-32632
8484
-73580
72843
2439
53881
85821
-7861
-45939
-63467
83891
-53735
50715
771
44150
63043
56168
4842
-61890
-44248
48666
89540
-77123
-68139
91687
-43576
44918
-1280
-10602
72402
-12621
-7342
-39450
-16021
77648
30837
57118
18886
-48300
49160
-35754
2183
18154
14913
-77857
-78063
80289
-66999
19432
12456
-17872
-23509
84124
-9782
14023
66240
74944
99540
43668
74841
-45697
-45698
-84876
-66673
82420
-3605
-86143
53131
-14105
-86948
-29156
-48063
-18796
72513
68979
46776
18811
-70956
-34699
14575
42887
-13203
-38935
-89267
62529
-25680
-41192
45282
24312
-7076
-73373
-529
-54728
-1452
-81324
90051
10141
41844
-99778
90765
-87692
-1676
50239
-73444
-51928
-68365
-5087
80839
-10602
66104
-45901
-18999
11186
-92628
23908
86120
16265
32092
26770
12311
58715
5557
17649
14535
-15619
50153
81972
-7899
-96039
-38024
-20957
71059
-1936
-14422
60806
-5246
88094
-42389
-27004
849
-16446
-25734
86153
-70073
54726
78192
-91779
82029
-13921
-24104
69156
-52984
-90381
34938
49464
38615
37856
-27347
-41226
-1589
65348
-77184
50400
68316
73388
-70194
-76105
29609
55483
-58814
-5572
35735
-61900
-16502
74860
-34062
59253
-20036
32355
52269
-972
-94565
31367
-68139
96352
-88337
-53466
-15743
-70339
-95928
76915
58244
-87494
-7481
-23124
82413
70048
-54685
-7705
44001
-21716
38923
28071
83124
-37176
28954
18120
-45940
17540
-47679
-67283
72973
-71997
-84130
-3136
-75068
-62870
19118
70067
-10034
64018
-87159
-38850
48020
-78399
-39436
67222
17471
-77409
24159
-24905
-90442
-56143
-6021
60861
-76120
91017
-86743
-93703
-29115
76331
-91295
80935
-39911
-84607
49839
17159
95280
-4646
50184
-49356
-41620
84580
15031
-8735
-77412
43701
-6979
58107
10036
88217
-29636
-2549
23494
22749
-52619
6112
11738
-83623
-28633
-17477
10588
-19870
-66918
-64593
-68106
-24267
-68221
44027
28143
-46765
9127
8407
-55299
13039
21929
34943
-85043
-77941
-20853
-66205
36631
21048
-86772
-17246
-96228
81083
50225
24159
48666
68312
21631
91313
90228
26542
-19870
14932
47922
-96796
84110
-31436
-36310
78036
-51237
-53270
61732
-34741
38494
24326
22242
11704
-9143
97915
-22031
96804
-22659
63980
10347
47327
-9323
-88524
-24427
69519
-39973
34072
-63227
33382
96689
-99200
76764
-51654
-88699
60368
99039
-34264
47387
20664
-53631
-26059
66875
35232
-98381
-11653
-77779
-67106
-77668
39937
-50341
-89966
-59934
88407
57673
54178
86805
88893
75217
8864
25209
60224
32868
12212
9833
78142
56547
-52669
10342
-61496
50394
-47575
61366
-62997
-84319
29250
-63757
-3563
40727
-5611
-85848
80946
96513
-71748
98875
-44021
1180
39348
41840
10342
24027
-52209
-24986
-49186
87238
-26310
54121
-286
-35753
32002
-73999
-87708
-47971
40618
-24632
-60455
49486
34952
-4857
-44021
96390
-20957
-6367
91825
-93282
30868
60598
-18157
11403
-98575
-15883
-44770
-12110
14196
23488
-19163
-75249
35083
86753
7829
8158
-30134
-38297
29505
74420
84286
-65067
3773
-36879
-97571
-26021
-82090
99267
-83720
91258
-44663
78773
-21209
-36834
76517
89955
-2898
91920
-72453
83558
-14359
42253
52002
45198
43915
-55193
95004
-29970
10141
39341
-12454
407
41906
20807
-92724
-51302
-54480
-39020
92324
91927
-78432
-94320
42819
22413
35042
-11973
-13783
58200
-22184
-37200
-16148
46044
-64775
52269
-94682
-86880
16158
-34537
99729
7687
-87417
-38922
60865
-70778
-27761
-41238
-73973
-61002
-44382
38297
-50231
-40072
70619
20019
-44713
-26969
-19618
73542
62697
-29200
32993
10805
10362
43291
21591
-36928
56917
99629
-27082
12810
-60764
45469
-57211
73117
18143
20466
58121
-388
-67325
4545
55193
-81865
-37144
-63907
-52984
84477
43712
39945
78286
10160
-70626
-69580
-17819
-75420
86805
-77259
50302
-86990
-99879
-8715
-64137
-23195
14761
69653
-57760
-38740
33586
-57560
95246
75887
84168
-79455
-9782
-44729
-93618
-98868
17817
15181
-22831
-86345
59738
-56929
45964
-29292
-59727
-26025
92488
-64127
-7070
-65763
58995
-88605
51635
-60383
66558
67558
-90295
-59396
-35757
85952
-67335
-17856
-13639
41702
70110
-13780
-2570
-13921
-95363
87241
-53493
10937
71031
-44634
-99473
6422
22698
11711
24383
-54098
-65390
36455
82957
28575
21565
-41484
94604
-17288
44608
-69259
13277
10129
41374
48370
99550
-22105
48955
18019
-52661
644
-73569
-31078
-56547
-32876
36025
64120
-80328
29314
-29321
-49067
-80641
-71801
-11717
79675
78848
-66685
-23622
41371
56736
-93243
-62220
-54644
1284
55161
-82241
-20847
-60682
55910
-78274
-93897
-20425
44429
-53001
-56562
28983
-48285
-95528
-45150
70786
-52181
-28107
85301
-70756
73225
37268
4771
90838
-76983
51490
44874
-46085
-32710
32754
3256
79074
-55157
33465
5797
-34724
13190
21566
68162
-1326
-63573
-68402
-52556
-28370
39624
94490
14085
38647
-94530
25730
82765
-57139
22428
76152
-82914
94766
-89433
1782
-89992
99467
34484
-78971
-15923
68602
-57799
-67249
-99801
64334
69231
75619
-66811
30581
51688
-26876
88009
83279
53094
24049
15574
36438
1149
-47074
13536
-86778
86249
19247
-18056
86141
97335
-22184
-1611
-45954
35866
9016
-50033
71115
2517
20648
-88167
-19680
-90083
2265
-19628
73965
83481
10703
-12262
-85743
-35302
73055
41033
38744
84637
-58733
-89302
-32994
15703
-10387
-17435
-2156
58124
24073
-58581
-39163
41221
-96609
32581
-65523
89190
8974
94206
-93180
-89026
-43429
51206
80252
-2549
-22191
-22966
-75420
-53576
20007
-22528
12456
-11063
-20095
80488
58447
-4117
-21904
-50666
3258
-31098
-13097
28059
-94418
-18767
64417
28265
74658
2003
-61868
-49023
-5970
589
64677
79622
-86927
-1136
83915
85907
38568
-12566
22997
13096
5014
-52329
-23122
-82410
-71479
-63006
-67249
30563
1175
83124
-93023
16153
11604
68275
91018
-8906
92918
519
61849
86991
84303
80066
-89488
52450
-62036
62163
70697
-29573
84167
-28880
39168
5227
54248
14831
-5397
-7666
67597
-38145
-19295
-56331
23288
84826
96611
-84325
-61867
-58581
-67777
-33790
-56229
36438
-32465
1978
-160
-66090
-63402
10937
-65085
-77271
-95826
-67950
54751
-79474
-63305
67222
-85999
-56679
77431
-21253
20843
70437
-43590
11545
64410
-51423
-87091
-80676
-70697
-48747
-68208
-89167
-58464
25388
-71326
13463
60400
75401
-93671
-76484
-81265
35768
-60505
-3239
-20861
-74947
85211
-38341
22828
11071
67272
-28739
-10446
12535
19539
-7521
62859
80762
-29572
76331
-59108
27893
-57683
-82899
11008
-96871
-81725
-73098
30812
64410
-26161
-66076
-42874
60300
-66138
54634
42513
92978
73955
-83300
-23715
-49854
-68827
-11161
-31722
18754
-56616
68892
8342
-77698
58447
-65236
-67457
-39279
59347
10129
60870
-8910
-70430
-69929
55429
39293
37779
14728
27622
-28957
-21150
53005
74847
-4369
-11205
-53861
-86138
-70707
77660
6661
-62816
-32514
84920
20705
-40842
82790
-77347
65410
78052
-39824
51222
18144
52517
75991
-9123
-84475
40135
-76119
-54411
41824
-21434
-73542
18763
-23503
-31608
65658
-98450
-77706
-72752
79676
59902
-23837
41418
-57419
-43269
-97816
-77115
-30245
-93157
-5902
30152
-56009
-68669
35577
-61001
43783
29135
-65865
1413
83592
52118
28155
72509
-82443
22961
27536
-36514
-41663
-65735
-83596
27174
43305
-81201
81153
-55458
64006
74163
-25939
-33790
-62761
-96925
-93170
-41373
50687
29769
95387
85235
-80364
-38850
3314
-50788
38759
53211
65711
-43320
34215
41824
-59676
-36274
64120
26733
-42913
98869
57507
-6704
-85646
-77452
6098
29962
27803
56446
-75316
35576
-15117
-53985
21929
39120
-94810
60366
59693
-90716
81083
-35081
-80319
21272
-59112
92077
12132
44827
-40009
39735
18886
-90534
-6790
97680
97842
14548
90765
-48447
13872
18484
95509
43830
-80962
-28135
89131
42592
54860
-51803
-77814
49299
37255
-95575
72816
70321
-74381
-68950
80631
20218
53080
-31276
12442
-65741
30176
19262
32472
1302
21966
-95359
33121
-88232
-49778
90646
-83128
-43362
85364
71205
33366
86994
2132
-53931
64301
-21329
-6949
70060
78110
77244
-23009
31789
81401
96264
85293
53875
34787
67235
-78066
81729
-61796
-71836
-29467
16196
26186
19686
-35179
38855
45238
15007
-82219
18754
91071
30991
-37905
-76461
63578
-65081
-28569
56547
63721
-80015
2231
-77808
57396
-67950
-8528
40846
15166
-30849
-32483
83831
-66190
-3661
-82411
35476
-15941
-83981
-39178
-3136
-78962
32355
-92085
6485
-14193
-9582
23699
78268
62525
55532
27299
75650
-65262
21647
-77732
-15753
-54329
-45860
85952
-34805
-91277
-78974
10999
73528
-53624
95777
33535
-52803
1345
-67148
-62947
35377
71153
68974
-30719
98325
87847
29996
48305
-9677
-75174
-96305
-42603
-72356
62833
68515
-81193
94744
88647
-37268
-46518
-48389
-58491
-67295
-98800
-6367
55311
53345
-32375
-2387
70110
-33336
59345
15603
-22835
80890
79411
-41543
51621
6255
-90706
-48046
65370
84637
91439
99542
-7420
-11141
27213
-86822
69982
5386
60092
59951
-47487
-46343
36162
-90056
51978
-6823
17941
-63863
-73051
84169
19738
-20751
86909
45777
-91176
68996
-96433
97408
-7714
-10602
-70579
69990
-91926
-19163
3773
7439
-46230
50136
29586
-75539
-54615
88409
15724
4276
88566
-90589
-77171
-38926
31819
-51673
-139
39574
-75207
-9073
-32504
-2301
-85242
51083
-93725
62761
33222
-65957
-32929
-13631
20081
17798
-26977
-98950
-74476
20652
88409
78086
20466
25340
23204
98139
4152
29984
-56626
14622
28538
31397
-17664
55281
-68898
50876
37311
67184
34890
79860
-17990
49599
87729
-2539
-38840
-94737
7693
-33504
71530
74847
14456
92954
-73580
73537
-37176
-8525
45686
65957
74432
37377
-42352
77648
-32053
-96387
-55458
91383
97245
3448
-42883
12442
97202
-74965
66747
50715
19086
-28765
16082
-28798
-65793
86161
-58709
-60764
-11303
-40769
35323
57778
43989
-96256
-77471
-21429
13027
-98767
15712
-65060
65619
-87457
22449
-10383
6661
-31276
-25233
-83398
-82191
-61569
47452
-38922
-82709
30953
10342
-92898
88070
26883
-4454
40388
-61087
-42389
-36902
61895
-24185
38494
-72146
-63509
29681
-97284
51273
34702
-82314
-56380
11479
-41741
-8414
-23608
70775
-80992
-92457
39050
36216
-52986
22997
-93020
-37446
-86158
62992
-79767
-45942
-55765
54998
24885
86141
42081
-66580
11406
-95119
87590
37296
76337
-76811
-14898
-25577
41093
-64578
62982
93738
-51174
-11860
91861
-67787
50711
-74340
-388
-17841
36814
85209
76517
78142
45347
78689
94196
-53963
-25577
29636
84826
-25583
4358
-25374
-84165
-41234
15965
-14046
41698
-37890
67834
-69650
59392
-38040
-54151
15574
-71433
-28774
-35054
-91769
4442
-25307
-92633
-332
-98325
64099
-92489
47111
-50517
27536
-43320
63822
59126
48412
94524
74562
77394
-65442
49495
89675
75721
40962
-35195
32574
97584
-11016
90765
31134
-82069
-93202
50993
20960
30812
49160
60687
57313
3194
-42082
-61913
27796
-97816
9094
-74172
-47872
7984
-27215
47086
-43765
12719
-83321
77374
40886
-8623
52525
3529
-86890
62015
14049
80631
-18144
-86262
52726
62859
40868
91188
19025
97992
5202
29652
-70697
11549
-98885
28691
92077
-95005
65209
-86431
86461
78453
19754
-3003
80730
-61447
24341
25353
85267
-14251
25409
-97916
-28830
-98461
21021
-95175
-7365
52237
96154
-35402
-68669
12535
-51231
76770
80235
-64454
-24450
84124
89688
61322
88574
-59930
33620
-65856
-18727
72812
-16495
-71490
-82273
-35720
81924
94160
97653
38556
65255
63149
54408
37463
-63923
-51887
12541
-53704
-81205
3123
29482
-11653
88946
-39083
55782
-74753
-76979
-90589
-99406
-73723
-73444
87541
80127
9494
-70054
50077
-18727
70493
86994
-4228
-73132
19232
-2539
16198
12420
-20798
89239
96775
39898
-8423
97169
-69990
3241
-91390
-35012
-68297
28691
-95095
-28819
-92435
-2075
-89240
3631
30741
-18569
26183
-4646
73461
15829
20664
-90876
97417
92510
66406
-12015
-42039
90750
90744
15007
-42998
82413
-6306
41865
-92868
11471
-45990
-86805
-61432
43894
-86727
-43429
41529
13137
74260
13277
18021
-86749
-83745
90984
-17383
13118
41158
-31300
30580
95004
85364
-77317
86155
91315
43389
-83572
-74781
61124
96323
84814
96329
-9079
75905
-42704
18267
-68577
-79579
1021
184
-73690
-85384
-13742
63195
-50092
-55965
11265
26617
71989
-92752
77037
22425
-87371
23603
11820
82577
66570
-59017
-88126
28222
72916
33631
-50655
6031
-69772
67826
78628
-89854
65563
-37643
22069
92978
91590
-30963
-62030
94604
48160
-14356
-82158
-69772
-35967
-58354
-72932
43710
-19942
71704
-33545
-40415
-31110
-68667
-76324
-2765
-45472
-15825
-52742
-76381
-51124
-40415
-49482
10821
98480
82007
22997
16726
12951
-59060
34039
11320
-35042
76764
-6025
-54829
51871
25952
-79651
-94904
-82702
79006
-44889
71359
61963
-41952
-5300
-16470
32355
-51699
-37508
-47390
7215
-21062
-31661
84160
-8376
9296
-46122
-19825
-7835
40397
-51966
-11482
59047
36570
-23407
25626
9789
3289
66056
-96863
-10472
83423
-67547
-51422
-99840
39170
52735
39118
73797
89198
-83865
51725
-18973
76698
73411
-63762
-19508
8472
-61717
-85750
62271
91171
78643
9232
-5417
32448
-29463
-64087
37819
-61209
-388
71901
18368
2663
14945
-96306
-57519
1774
-41543
70161
73385
-87210
28265
3818
62929
91337
34533
-62947
41344
-91690
-90884
7193
-93716
96103
93572
-81965
89849
-72453
64945
-67787
-15950
-89470
-36118
98794
73955
-42691
45939
55577
31065
-3220
7049
-19921
51622
73254
-50655
-14206
-84282
66290
29135
3955
-96694
2926
91514
85480
-94961
-22440
-14187
80440
78571
59235
-88426
39398
28653
-12830
92595
-88718
560
-83131
-7140
-9741
-71714
-7666
-61836
-34381
-98372
-5397
-40788
26487
-86666
-2156
-53442
1504
48566
-12111
-25516
72622
82043
-3211
18457
29276
-35269
-2075
10244
-55429
-15033
87668
-77945
-41881
5077
-22736
89299
-10643
-57211
-41238
10036
53506
2725
80765
-83420
86649
-81403
19263
-19325
71435
40734
31094
-10801
-15925
-29412
43932
88533
42470
-77133
32647
-43380
-19389
97991
-75170
57873
7512
-80797
-35081
60513
-42376
-90177
-68139
66028
7264
79367
65793
-91260
-59080
42282
94047
57476
-19995
-13964
-59301
-88864
24042
-74848
-13783
82361
6470
89753
73463
-25650
51549
-92283
72473
72461
45387
37715
65245
-932
91987
-25818
-33263
-39103
-93023
-85328
-6451
-78206
26933
-68775
-13712
-54246
-93813
-77560
75217
47459
36969
30198
34610
13173
-31078
706
19612
-14721
-84269
62797
-21328
83837
21002
-20376
-20508
40734
-85796
65942
-86881
-34460
64897
36746
49802
-50092
-956
-47575
40992
-59504
-19127
-79497
-51631
94693
-94393
78374
-7868
72029
56214
-16626
77855
-95200
-18832
-69784
-27633
93842
-20801
-28581
-81576
-71475
82915
34621
40962
87941
-70256
-43029
19015
78050
-63935
-18824
-35392
52606
-21156
-41269
-45222
-75358
87176
71059
86991
-8493
10367
-5149
92099
20514
18143
30789
69933
-86969
-1441
73411
-58464
27422
-63351
26090
49924
-41420
18489
71115
-66602
95462
-96517
84695
-66343
-78108
73362
64595
-17893
-6921
-42343
9691
73056
52333
-88839
-42273
18371
51132
51510
27408
39282
47736
5953
60931
52843
-65390
1152
-98868
95176
-31976
98642
94358
-78913
72715
16437
97780
-58628
-30134
90021
-45601
-71053
28688
91111
-19938
-14183
91084
78329
82659
-23717
-94676
6996
10119
-1227
-36854
-98325
-14422
4358
-37268
-76120
63352
-82709
15953
6747
76337
-67134
28132
25388
-40009
-78978
46857
15847
-59376
-81056
-3545
-87176
-898
41224
95276
-21530
73886
89276
-42260
-30288
-70658
-33027
93175
-4228
-23195
-88019
66724
-19463
-33027
12651
-86318
-99402
-4499
52323
-76016
1466
-90804
18003
91572
-22777
89071
-65341
-38492
-39386
20950
25611
34321
82705
-96457
-89343
-44691
-44064
61792
89157
-59481
49614
500
-59528
-99349
17089
59494
92045
-58500
-9333
-46120
-53952
-39697
-53979
85357
83461
30789
-15880
-59034
66565
-46639
-57098
-1841
27292
27408
-16626
64242
53962
91239
97841
-40366
-17400
-86127
39836
16293
21084
-85816
-31069
-17580
88275
11775
90984
-20258
99309
-70339
92913
-23611
49065
2517
-12696
-28409
-79132
4229
-15411
-68411
88893
-82443
91084
49441
-12189
-71022
45921
-13404
23603
-78206
-90376
-95654
-21325
49051
88641
93321
2600
89475
-81781
60055
-99365
44481
54827
94644
-37134
4344
59827
21084
39386
15642
7323
63993
16318
-90314
27814
-26235
-29784
-20801
18129
-68038
-30673
12535
-64271
38875
-11270
34321
34101
-40077
-50517
92589
-7475
-50554
-84759
6118
-79591
85340
10887
80021
-21273
90822
-37966
90885
59986
26058
-18554
99624
71118
76164
33881
91567
58857
64150
-95263
-30623
32974
-48627
97635
-81510
-52329
34873
-1136
-35434
-72374
36179
92913
-48337
18838
-16149
88968
39050
-337
-2589
-75214
28846
65132
-78274
31025
-38223
78110
-84648
22776
93252
-10659
56119
79307
85446
-42266
-16705
-99320
-37454
57261
-41214
-39178
15416
-8925
-81827
80910
32754
8319
20335
43169
83262
-80961
85211
-36280
53865
83124
29250
81076
10588
73514
-9423
59819
34273
-93814
24359
1611
10075
3728
-40714
44974
40713
-16473
-29589
89849
-86199
92336
-55618
-23608
26280
49593
-98929
-8847
26742
36924
-94686
-84695
25018
40637
-42963
-44447
-18359
5355
54428
40937
-60557
-38242
-14944
86311
-54553
-51815
53295
36276
-23922
69125
33296
56
49358
75908
88407
-80211
-55177
21174
79308
-94230
97908
80853
-27296
64390
-50055
31579
-47051
34101
34873
-69672
-24121
5882
32411
40755
-14152
-55103
-37306
-53540
64083
-45086
-89263
-54481
82
83350
-3242
93044
60806
-92714
-54966
19721
64521
41231
-80124
71774
51555
-42396
84543
-91110
53530
-98623
-93042
-38866
13036
-87732
70047
-32170
81256
1749
-63826
-89597
77037
-51879
60121
94650
17424
-19772
-54606
91586
76790
62695
15846
-8623
6552
-26384
67945
-94224
-86888
-81291
-45645
-2601
-22672
84966
99520
-27356
-55223
-47575
57171
92697
-53861
-32682
39512
55915
-2911
21072
81826
-76640
-46026
98425
-32483
24723
-68687
19749
29681
60092
5665
89313
97160
96106
87975
-46392
88319
54325
-28171
92619
-7566
-32437
37311
-98868
70626
334
-3220
40532
59902
65051
-18395
29488
-68633
-45330
55253
9151
95911
14798
56953
-77523
-8275
90718
-30742
99859
-65061
-24309
55467
-5932
39554
-47860
-73691
26601
9100
-72919
-22648
-2571
4384
15157
-22440
93073
5332
80429
26643
89266
91360
-29732
-55183
-90552
-98487
91706
-2362
-73985
1623
54224
57734
-74692
28663
73150
-30452
43691
94687
-13586
83323
35042
-69222
-55018
-26946
-93111
79676
-42499
-20219
-67120
-80464
60084
-68297
-80860
36570
27805
-63485
57035
-44015
20260
49102
-6526
-71670
88258
49720
24117
38272
80635
79372
-83676
85824
81590
76153
13190
68374
53488
71336
-3084
-5728
7713
7858
64918
-6940
32529
-86772
37311
62104
-71104
80849
-82024
-52877
-2555
72604
-98461
-27438
-31109
21265
-44634
34787
91471
31509
-83890
-62722
-40607
-51002
89764
-41810
-13160
-9117
23239
-93434
81483
15222
-21329
-37550
-46503
-68490
46897
38484
40371
71708
52821
52002
31497
-22685
43357
-5430
27893
-67795
-51684
78323
74801
90489
94358
82660
-83094
42434
45241
-45489
-64614
-85500
42633
-21090
-70350
-91779
27123
94023
70067
-78108
37774
-61655
-59166
-71716
12515
50517
78329
52502
-79274
97038
18021
-74657
50866
-23381
-15164
10942
12694
86001
21110
98094
-3125
-23528
-55314
29276
43291
17891
-98209
-91317
90408
-64447
88015
83325
49781
-34204
60747
-35168
-69522
44560
32002
2632
-61681
20916
-24692
-98209
88846
-20309
78680
-41017
10588
-77148
-62467
25868
-59956
-55510
-28719
79599
-59002
-71155
21673
-59677
97956
-28205
-15581
-20861
27679
-20957
73841
-33969
10265
80368
-82273
40532
86255
-64087
12133
-90083
17219
-64455
80752
-6681
75973
93215
-96305
-37829
-16840
19341
78299
92888
45387
-49327
-39560
43469
2563
-37576
-77833
-14873
-75439
40693
-66228
-17893
-94323
4406
52571
19983
-97015
-9782
-11270
29430
18054
-96870
4873
57776
14314
67116
-46518
76556
98869
386
-36971
-47132
-22437
61830
80360
90104
-57634
-30484
64220
80096
39398
-90884
-78382
-48955
44848
19776
-10541
56254
-48161
-2930
58211
-78525
-89992
89198
-89615
-73517
-69132
78598
-87338
-43360
-69990
8613
43201
-29141
-87091
-83544
-64056
-17400
-20501
76331
94263
53222
52537
66238
46241
30367
-39174
13190
67795
-47882
19544
-60455
15865
29636
63440
-72395
-21616
69021
-73316
29786
-70162
-33789
-24267
-66395
-77389
85438
38497
33481
85661
19071
70067
-60868
-69938
-15093
-48296
-42772
-39778
-22978
-13613
28663
33759
-17628
69053
-52579
38556
63149
20656
-68473
47123
21802
-30483
14890
-29159
97417
-73038
-59768
94716
-69416
-76860
30930
-35529
1050
34399
51091
-83960
59276
85612
52571
57192
-53270
36811
-33330
93574
-37460
-77140
34964
-22645
-65579
8073
63356
22517
12101
55527
25483
-63846
47357
16231
52153
95952
-80269
-28357
-12683
19970
91706
-31599
-5678
70256
-44905
-37464
-95359
88217
82419
-13430
92099
25899
-79220
54212
-21769
91754
21002
-36851
-74786
81512
14376
64172
-74753
73473
-61447
13862
62646
-32655
-38221
3474
-50554
15508
-92345
-83871
-72144
-42508
-44683
-10387
13614
99396
-68016
-82934
-22396
-53783
-43767
11738
-88811
45740
-22184
-88141
-24036
-37685
-82521
-22301
69854
-85859
-3302
81474
93847
-62290
-19186
51426
77244
-56929
-47588
-40812
14014
-8945
-81709
-43882
31165
65567
86284
99257
75674
-2765
89355
-58510
-61055
49452
-47025
-21521
12046
42495
-62140
-61559
61079
34959
-13553
92888
77119
-12912
-68066
26546
-11012
6750
-84524
-4822
95626
96661
68318
872
11145
96323
-85024
-50843
1907
99490
95424
-48543
-50974
77279
-18949
96983
7192
-85299
-79141
4455
30327
-16338
92263
-75186
-98372
16158
-6823
-68221
-61449
-57325
80996
61882
-79239
-78618
48404
45430
-81973
75007
45324
2635
-63757
-9304
49102
34317
-24396
-1026
-20428
-76499
-45540
-34926
-20798
-90846
-38457
97019
47131
-39125
-96863
-94072
-52529
67826
-97992
-87991
80682
-31153
-2029
86484
67490
-45972
-11114
-84284
-97654
-58838
62038
-71375
53231
14535
-24357
-80604
32922
84425
-20397
-32268
-73
-4365
83451
90498
-14356
-11758
-90409
-34933
-2965
-67808
-31860
-13272
58788
-19186
27782
10887
-3545
95505
-45594
-75284
39401
-5502
-59768
-84920
3719
-64691
-61091
35585
-47640
90885
-89167
4197
83867
95783
13533
18266
-78884
-70379
-57347
-97063
50445
-52043
-77402
14318
65987
-12832
-60572
-65788
72763
42524
4116
-29871
7797
-67811
73748
-95754
11050
87734
67285
-71951
-60666
66123
-26310
27676
-58762
78847
70626
98650
-72164
-72999
-8283
-94529
15162
-87403
85307
29664
-97901
-25688
34312
61477
93846
-70812
92589
-62140
-37145
-39178
13231
-26790
-51803
49131
-32268
-17122
27849
-63969
-3239
90784
-61652
31828
-1683
51543
-47428
99195
-70698
22441
610
89313
97572
-53200
-67076
-23787
-1381
70742
11008
-11482
-76499
91669
-65969
-58581
6884
81584
54209
-45743
-63122
76579
2527
60599
-37506
98574
50779
-45926
-80403
-97438
-13626
-14341
69148
-74932
-84309
78643
-58771
66501
88275
-47899
-53661
28932
-57207
-34091
86774
40900
-38509
-44272
10524
-61728
-37508
56687
-33222
8961
25686
-312
-1301
91045
-88621
-39304
-41980
-54671
-90013
9928
-90442
40172
-54056
-34727
-74965
-75904
-28111
-71801
99729
41688
-89806
26794
30964
83999
2365
-8847
18143
1162
-12369
-98590
-7567
72556
-28163
-72351
-43992
-51439
76372
6132
83741
26898
-57181
-17106
87541
-76523
69552
66290
-26808
-74721
85901
-83813
-80098
48731
98717
91423
-85263
-98620
82815
-17578
12572
69155
84167
-30373
-53122
-99879
87668
16821
46135
42490
57492
-15853
-25587
-25342
97566
-45684
66835
-37454
39083
94650
-22147
62524
53627
-92060
-98856
51503
84286
30329
-90614
78399
32853
69
-77026
26778
-89865
-25734
8445
87691
9424
-42352
-23492
16437
33711
-33279
-38046
-60220
18827
91821
43357
-16345
81506
-34240
37188
79962
-21528
-5806
20548
-84759
-64537
-36310
84694
-90884
88392
-69731
60122
74345
-49081
75215
-97098
-96928
7317
20705
99459
-29624
-52815
2667
-17707
-87238
-42352
-81584
15395
-74596
69230
-87280
-79220
-1584
73514
31257
69594
99540
5510
71210
-49701
7211
23834
74271
63343
86058
73045
98212
-89221
-77414
54910
7192
-44439
-38322
-36070
31328
33117
13173
39935
26367
74185
-28801
53552
28812
-81321
-26636
43571
18633
95462
57854
81139
-6025
-51990
-72633
92478
-41381
44580
-12178
-44068
11020
-49283
-46283
4509
-67159
-64626
-43231
29681
55070
-5224
53912
-79154
-64087
92589
62890
-67675
29211
-91782
79651
67608
75986
33332
63035
-89966
-8361
18606
-19211
29223
7668
70008
-95124
99485
-22685
-33982
-90311
15002
-96949
-45700
18758
-94697
-85030
25257
-34242
67737
18135
-532
81339
15883
-17990
43885
-13718
-73744
26825
-48599
69847
59706
51635
6600
-78063
-31769
-74284
191
19168
14913
44788
-56141
6485
64541
70345
55539
-89789
53145
48900
-15610
-64122
-98453
-56681
48378
-61366
87828
-7165
72843
-49631
-39300
12521
-95198
89351
-83963
-37749
26487
88070
-56528
-12594
-27586
-61691
2974
-73030
-98325
13732
69423
-1364
17754
78712
-47872
17027
-80604
1175
-52214
2250
29482
-49110
21084
19815
-12324
-84166
25705
6496
47464
-71770
62401
68054
-8425
96228
-60460
98602
-23451
-40769
48456
58225
51552
-47960
-22031
-15486
96194
71805
-96075
94265
-66624
66900
-14023
-83137
5355
-42342
-88609
-75542
55960
-27663
-65976
82241
-61447
-67072
-83398
80642
-24946
-22456
34115
8373
-37413
31686
-47543
60092
68374
91249
27854
-31346
35638
-65932
-13255
-8118
-34302
4371
-29572
-67013
15647
28265
-23003
58157
-64122
56500
64909
-81498
-54809
55527
51161
-12900
-58273
45887
12694
-58339
-92245
36392
-60682
-61432
-72454
39073
57330
74186
48456
59861
-61496
-53525
-45254
-71762
37113
-39623
40846
-10749
-93513
58830
23180
92575
99361
-27838
14939
-10525
10260
55217
45977
-28400
28688
92253
37311
-42354
-54397
-55816
3130
-6662
-26636
-48914
65105
49171
-40415
81590
-51353
-94629
46385
75915
79195
-71064
86071
-57700
40280
-9886
29223
84976
-27554
-62918
-80961
35866
99428
27811
35514
71839
98106
-38492
55639
7891
-58166
32323
66184
24030
-25120
-92199
58373
-42772
-34799
1614
82793
29802
-79346
89283
-48747
-105
-86078
69255
92047
50255
6661
94731
-28957
-34149
-77221
-24912
-84274
-78757
-62634
44908
-96198
-33885
-48730
61896
-20801
60806
37621
49171
-93434
72763
31059
53358
-25016
-76726
5250
27422
43957
15162
-76249
88522
-56818
7192
79635
76433
-43447
-15727
-60807
7889
81474
87995
38082
-33793
-66035
80304
97572
-12566
-68785
-25007
99361
-49716
70727
-9294
-13647
-75611
-45394
17060
83334
82292
-86965
-24185
51905
27849
-27721
70481
-93814
-10525
13137
59543
21099
13732
-4306
-32820
-50685
-37643
-83055
9016
56547
-75473
-30805
-94156
-96449
-23815
-53624
-83482
57118
89396
72763
44543
33872
-29967
-38457
16198
-26020
-54397
94002
47613
-11889
8941
88367
38098
69478
62227
45964
-90724
13874
91018
77615
25899
-69109
-46285
-75990
-98134
17229
-45987
-59166
39736
-30439
987
9192
-58561
62774
-70190
-73361
-60692
-2261
-91980
29735
57387
85122
-22966
14036
58258
-76653
35657
-63846
84041
-18255
-1381
60400
81371
-62408
41578
53809
77872
5684
-37540
51507
-53004
-89609
-98340
-14144
-88826
-78261
-24468
-55296
-46220
-86778
39478
-37279
44202
72536
-9644
51083
98549
57136
-89314
-37643
19965
58410
63684
-74692
-18832
-61002
-16495
80269
-26447
40272
20411
-96039
-61709
-29467
95952
23488
13265
-87038
-26321
63340
15760
47111
88086
-40488
6552
82782
59601
-53574
-58495
-86589
-44243
29909
81314
20481
62634
-37167
65750
40225
-18480
-24575
-78399
87633
-29046
-90094
43691
700
91216
78323
59818
-71031
-72148
-4228
12690
-50231
5014
-17707
-72708
-29743
37407
67013
-28368
46184
9149
-93417
-30519
78162
-73892
-17578
3221
58830
-56927
89121
67561
-28801
52845
34458
3556
13036
-31563
-10315
43475
-72778
-24473
-35012
99721
-94166
95220
-23122
60061
25340
35492
87343
94744
-51227
-71552
91070
88431
-73000
91360
78323
36267
82931
83638
-88407
-29331
-85633
64825
50200
84666
80790
-41767
-88336
3637
64225
-14293
6361
-25419
-84917
34283
4384
47446
-43326
29786
50327
86571
-66548
-71913
-83154
-29321
15441
-21155
37893
79423
-58934
-22966
28344
-66535
27324
-71439
21174
61124
60865
-59585
-53110
67294
-98292
28084
22698
-28929
-36267
-76134
15009
5797
57432
41902
-97466
-19508
19965
96154
-57590
28383
-17841
44711
-45645
-85563
-82953
-90589
566
74499
13515
90498
-87287
48059
-65282
9100
31949
-50108
-26126
-12142
-40882
18019
-10960
-54735
-57621
10141
-85822
-84072
-7568
-49378
94507
-65393
50388
-48398
52962
74519
86958
7976
-20593
-41144
75084
35950
75220
30317
5355
-8869
44150
-15263
15372
15911
55775
-59644
49785
-50389
38700
51088
-30329
56058
3845
-39629
40962
-66439
93245
2804
14538
-8528
35083
30247
-45472
35083
38759
37779
40655
-49904
72421
-13044
-16411
-44439
85086
-86568
30930
-80124
-69789
-26059
27770
31988
55824
-84072
-47200
94692
-15011
-78393
-77038
-55863
-74422
-77960
-25688
6041
78373
89470
26058
-44027
13052
-46625
-28819
-98292
-40779
40396
-92448
92269
-80406
22612
72844
58357
48865
-39739
-89433
85530
27622
2850
11704
32574
-39481
-18312
-65523
26838
51843
29387
-33098
49241
51242
14163
-49211
20812
-84590
-15163
-95363
-50496
84160
-19669
7858
13026
-51814
66865
15222
-78451
26549
34484
-6194
5650
-30588
64546
-32801
-21458
83854
-91224
-41
-17697
-60309
83772
-46179
-29706
28173
48821
99195
-77293
-51887
-63544
-82285
26664
-41678
-62982
89218
-79014
-88945
72729
57166
-46885
60375
-87475
84473
99409
-80629
-7616
-79162
-11429
-67206
-35130
-60718
-84995
66197
-42998
95873
10052
77609
-93032
-51879
18063
13118
-85816
99463
-74300
-61389
67203
80935
-42713
10104
75007
72241
-58771
-37713
-15383
-41861
-5678
36171
-39778
90865
-1205
-98184
79650
-33180
56346
18081
68456
-2575
36377
83348
-7481
86827
98303
-19938
30582
-10542
17502
21291
37341
20062
-92530
1259
-75623
-90789
-68904
28997
-61673
67594
-28157
-3502
-68394
-49016
-87490
256
-20838
8941
80766
34628
15157
-32930
67454
88436
43668
-55073
-6025
-82350
57873
-9913
37212
14634
-74767
-59034
17819
-71755
50259
73835
97535
91859
-4507
-2416
41221
80847
56404
-16538
-32668
42137
-49654
89198
-46670
-86925
-41767
-1763
13118
-10794
-76499
-68435
99719
54829
-11817
-57096
84477
-39176
-35465
61345
-35874
11744
92960
75113
-3301
-72239
16583
-41199
-46246
-36930
63695
78827
-20010
70223
-60692
-80279
-14396
-35817
-58947
-60182
72855
-99331
-55836
-98668
56953
75543
32853
39727
-69065
85237
83915
-43859
-23553
-82342
98218
-20929
7362
-86344
-1326
-41049
-14906
90784
73684
57798
96689
1907
-95122
24359
-17664
-63449
-58050
39401
-39647
78551
9450
93542
-86748
65730
89571
-98685
-40365
47075
78746
4807
-52815
-81712
48305
48688
-33222
10090
-98267
-67781
-87456
58791
-21434
22197
-82878
1050
-21674
79883
72023
-36579
-54082
24052
29354
-92413
-56492
94531
-67795
70626
-89240
-31346
86670
85666
-30833
-89285
40137
51088
-36188
72234
-82666
6366
-80511
-98060
53276
11879
24970
36811
-26650
40513
32861
-58452
-64443
-84345
-26161
69255
-29230
72506
-53817
-50312
-54088
-34460
-86548
-44304
72953
-6823
-52592
16779
97006
-26089
53094
-14144
-16195
-34332
69152
21384
-1295
-43207
27426
18228
-85328
36061
92918
90197
-64394
-2692
-84585
-90062
26898
-72109
43641
3136
-67013
-57112
-34193
45932
-35446
-96609
74919
-44905
50221
-6773
60588
-11652
-2564
-32668
-75399
93095
-70511
-79154
-5165
42284
39386
30338
15603
-49778
-60626
52835
34249
47816
-98185
89618
37219
5005
-43882
6990
79676
11549
95220
-45545
43104
-27982
64312
-17004
36151
-85990
-19921
-92719
23556
10945
91611
87391
-47593
-37555
5945
43305
89218
59125
-93532
-6282
-19205
-39103
51227
55596
-83036
5389
-36371
-24474
71144
16592
-66228
19786
68270
72017
28841
-89314
16899
20150
87792
83838
-57519
-47555
41782
-59934
-83942
17219
71231
76217
-75188
-92489
-34423
-74443
-86259
1302
-12140
65951
-96680
-47260
-15394
-16235
-19941
6864
8935
53417
84844
-71720
-74244
-44942
17999
9653
-41013
76889
-58537
47656
-87753
19509
-4857
3511
-99337
15744
-60234
-35635
-65377
-21493
1841
-41968
6790
-75332
76329
-59777
47141
82000
-52292
19755
-47442
97097
-77680
-63402
-76128
-1879
91616
-72984
5113
-90596
51328
-11344
-59879
-82498
44899
38683
68136
-28153
60850
-28698
94506
-94092
76329
99832
-72704
23357
-13718
97947
-93767
50764
5468
-81881
88484
74186
65594
-24317
10945
-43422
-89911
33735
-31599
58486
-86915
-49494
-76911
-36385
57118
10994
-38480
46140
-1285
-1570
35734
-84325
-68898
66865
9486
-39411
54751
91670
-92492
-33398
72953
73811
11851
-4559
-21430
17528
-32813
14742
77431
-97189
-75284
25611
-9312
52656
25238
-58500
63714
-18136
-4892
-53289
13317
-28345
90691
-20508
4182
71420
46317
37447
-47621
36718
-52193
-9490
-14221
-45023
-5735
20730
17754
-87947
-34091
-78404
2014
75597
-87501
-28436
86782
-83180
-82518
-90846
-79162
66473
58042
-21845
-67159
-38221
62978
11717
-61569
-66921
-48290
74562
-74025
82227
-62382
28043
88284
-55921
30180
-59644
75915
90333
50400
36229
-51640
7323
81434
44585
-92401
-18864
41280
-22654
70619
-76726
-85844
15415
-3193
-30373
-40386
-75904
-81302
10625
13118
51948
57136
93842
13079
-82764
-42584
-9741
68388
37568
63136
-89008
38497
-99894
14757
-79247
58808
-72575
11042
-66245
30325
-77073
33977
-48149
73400
-38360
-39711
-26994
45276
77247
6245
13515
15846
36718
-88605
-7862
56031
-38215
-95313
78925
33474
-79795
12337
-18136
-99194
24042
-810
25175
-99553
12455
-58868
-51456
-40829
-39962
-3052
96587
-46230
36812
40933
36243
-97428
11512
-46806
-32521
-23003
-1342
-6604
57312
84822
-31974
19564
-25824
-88462
-47345
65451
43712
13912
-34996
9407
61663
31579
46509
60263
89865
99864
5288
-73973
64099
-53817
16817
-60361
-50055
27778
6014
44716
92166
-60669
-26653
7215
50281
-43010
-47509
-42549
49604
-77838
47131
53881
-54411
38259
54565
-93074
97940
-81065
-32504
3777
35735
70628
71846
-98028
-87707
58402
13110
33222
62023
45480
-98450
73695
76723
38744
69502
14535
-34902
-44231
53112
-51467
-15011
-71997
-93703
12694
15721
77872
10844
-11205
18249
28929
89645
-89672
13659
19229
5730
-47501
-82585
-53661
72192
-60890
3932
-86927
65976
92213
73488
-38752
-5599
64145
67541
38031
-97914
-65636
89223
-1092
-42751
41748
-98910
82825
-67510
28615
-41805
-18056
-78742
-28479
25835
87428
39820
-54516
27059
46143
65410
95013
-12352
-91644
-8493
-62052
-64847
-80860
-21377
-60572
-70194
76840
99721
99127
-40072
35024
-11581
31205
-51346
-70054
-10164
34841
-708
-79274
14813
-74153
-22658
46949
58771
68171
-23972
74013
26316
-98267
80765
-46580
47779
98028
-34221
-86743
35551
-80717
-9323
66291
79635
25915
2478
-37409
596
53117
50823
87922
34461
-47363
-80324
-76812
16227
20937
88441
64955
-58339
68979
-32830
26426
20662
19925
-83880
-19522
-9304
-6131
68504
58839
84562
3627
-28933
-31974
-20086
38368
-15200
71607
6410
94298
38111
22965
-15200
62967
20022
52736
-43016
-35341
3668
46379
-81195
28344
73886
91871
298
66052
-3158
16230
-86952
-13810
-99504
-91295
42070
-97541
-35674
-45384
70713
-34113
95387
12690
71533
-45330
-63633
-15117
-92494
18592
62982
51715
87015
-6480
-65920
-34091
-1377
-63052
61415
-72517
29132
92087
76763
-14010
97177
-78231
4049
14894
-78387
-45545
83533
30686
-41146
68544
74390
-24440
-69085
-92026
79645
-79579
-63890
25009
3631
-60890
-55477
-57151
16245
72201
-304
-96449
-56514
-54480
-84505
-24135
-26064
42309
31381
61352
-60455
-47679
82790
14470
58158
-97306
44899
45056
72361
-4517
-34490
91092
-87210
25712
88268
-90478
49102
-61519
-5720
-64805
20916
50855
22225
-48389
36620
1003
21596
-50095
-81087
-28301
19021
-73083
-27924
28929
27669
-22396
-42492
-67164
15700
-64847
-75770
-23820
71080
-29182
21802
-83942
-53196
22441
-96257
-87789
33171
82957
-74838
-65271
64387
-70339
1402
45686
77668
24392
-61878
-55802
-43286
-60455
-71475
33661
43932
-86593
-9371
22773
-96336
95836
50654
44942
98847
-81708
-74256
-44439
-11758
-72050
47326
60792
-37881
-29510
92986
-95119
-85024
48907
72250
99764
13297
-83972
-36785
-92314
-97681
50538
-14443
-19325
-54970
24570
-61448
-67148
-80461
-79864
-42014
95331
-47051
-3696
97827
-54829
21002
-1175
7834
-53127
-67299
14085
-6604
99049
38659
-33217
-38752
-99092
-47323
35514
-60709
-47399
5375
42656
91422
-54516
-82914
-99609
-45178
90564
65370
67958
99292
65942
35224
47408
13066
-45954
-16599
-50108
-19083
-10575
27324
45179
-50802
10101
-78600
-32813
-74376
-54246
28954
-77026
-35271
81110
-49997
40520
92166
-4575
-38618
-38253
-76751
-25844
-28798
-50033
85824
-34568
-61886
17798
35083
6014
9452
-41026
99069
-39296
-56518
66884
-48453
-34123
-92569
3152
3382
-38641
-21851
-20941
55577
21609
-84545
87821
-71475
13274
-41234
15458
51578
64595
48566
76942
-4640
55833
-11973
20272
-3125
-60575
-81883
53094
-97689
13052
15508
-67547
59473
-5380
63008
48995
2644
93514
-83744
-61524
24202
-97541
-82605
-7259
-98403
-62581
-47584
-87632
74259
81195
-98362
74501
-57452
-22216
8656
-15117
76482
-22659
-9294
-89543
51659
9653
-83321
55860
9293
96433
34283
-15825
-39630
54754
66508
-32289
-49999
-46888
26200
-137
92664
-91225
98389
2077
-51963
70321
-48389
72649
-49873
-73470
60988
-48961
-91153
29956
17967
86827
-66228
96506
17071
14289
90758
3562
6900
23772
1413
61663
71096
67522
89366
-56046
26806
-39773
14520
12747
31704
11373
-14564
48160
-77115
30152
-38935
-76586
10427
-83142
-3669
89914
19509
-77165
-12378
-80279
8038
2705
-17514
-82953
78832
-56003
85293
-90642
83701
-61946
-99641
29690
6996
-64247
26710
85812
26280
87216
16821
-7714
-94575
-3461
-22777
49208
98218
-59585
-21758
-68369
-89733
85750
-74596
695
30741
-37727
-23966
-54185
83410
68865
-19941
99655
-56532
82710
-20143
29609
26529
-71639
60719
21956
-26232
44646
-4665
11575
49236
-54966
-8045
24767
84473
5419
-14343
9778
-2785
95280
-52409
-44380
-48447
-59376
-41786
37982
-54999
80354
42287
20666
-83901
2412
25433
87074
-75198
40748
-28642
1557
15414
-91080
96611
-28654
76689
69863
-51796
70882
42869
28143
-6471
-28429
81384
-93971
-46776
-72354
78086
52577
-31881
-18836
-69587
43357
24723
-98188
48786
-88850
59986
-80951
21384
36628
-26152
93738
45278
92745
39478
-74502
40027
-42691
-74947
45430
-3939
-27521
-87957
39282
83982
-3230
-44015
-34326
89071
54220
-18
-24699
-16884
56001
24049
62562
95011
50222
90149
83497
-31010
-39317
89865
36085
43915
23278
-38840
38659
-94657
-88848
68156
65951
-59498
14602
13351
60865
61429
11670
-64213
-96308
-80665
-8811
-8208
-80604
-26087
80146
-21563
33770
5786
93245
43421
-86347
31381
51415
-38942
-85183
-20933
-78514
-79706
-73973
71708
64220
-85003
15686
-53935
-2704
69610
2643
-31470
-21551
62162
19481
49358
-22648
94549
7687
90149
13923
-94331
-52663
90367
-17055
-61302
88268
-12672
50990
-98493
91882
-75358
-79903
-45579
99540
-66507
-24036
-44157
55331
51688
33373
2249
39011
36325
-60964
-53196
31789
98725
-3782
-68506
-28774
-7193
86391
49236
-93064
36814
97822
48151
-84735
-12721
54779
-64704
-3938
-41110
8604
-36371
53885
-24530
-44889
-87991
-64116
77875
20218
-25804
27302
64734
-43775
77774
21072
9886
1195
65492
25340
98237
12157
91411
-65445
-87082
90155
-59890
22052
-96019
-57187
-83639
5574
90536
6041
-32956
37377
-99480
12785
-33677
55490
-73985
-11209
9424
-94421
-61673
11478
-94112
-44634
-92555
86721
-24592
-21062
-11209
-88236
2312
-21746
-80665
86472
85326
74748
-71826
88431
-53061
-50837
45367
-5902
-73777
62669
38549
-3918
87656
36954
18623
-56141
-37018
4920
61730
58301
-47245
-45230
-87238
-56580
-21710
54709
24256
34273
46159
-51353
-43410
47357
-27914
47175
7192
69156
-70707
-99641
17328
-57292
27676
6245
-66005
-37176
-63663
62578
63684
-20381
-90596
-98296
44628
-60764
23835
73225
-19516
-80167
62629
47433
-22463
-60884
-11148
-42200
20
50153
-84874
10101
393
-81328
44711
-38342
-25567
2864
79860
75500
-52304
-1519
-35207
18457
-77523
50302
-22533
-30725
59165
-4499
-15263
2429
6095
52365
-29365
-62722
56667
-83621
-84130
-36265
-3927
-91440
-34988
85559
-12453
-54051
86827
40865
27530
58048
75026
-60641
65002
85235
-7259
-17697
-3782
70082
53505
-66533
59794
-19827
85059
-21851
-72144
55253
-65636
87001
-23221
-57253
32781
30459
92895
1259
2252
-83180
7829
-84574
38721
30992
99671
-39245
-40410
-28670
26827
48404
66258
87995
79779
82195
40801
31632
95011
51920
914
77248
-1342
-17004
-6480
-65036
11917
-64359
-87708
-60349
55161
61225
-75197
-9973
-80106
3343
275
-11205
-83004
14932
-42840
83565
-94682
61452
36814
-84166
-75892
-93971
95100
56985
-19284
94595
-4882
-65406
67730
-74340
71346
27238
8701
-55383
74850
86991
-31974
-94259
-51876
99624
-9167
41580
-88872
5554
80856
-65282
96316
85453
57778
68871
-46230
-49984
-18949
1655
-33789
-49067
12107
-53007
20202
-56052
-85790
-75734
31676
33730
-58984
-65901
83701
64995
-59449
20019
-16835
-96045
-57995
-20840
-60413
12456
19708
-18836
67945
-33545
-9294
-20486
98574
-11588
83323
5077
-88465
-51803
-55435
-77259
9494
-8520
6747
40804
62578
-22685
-86238
73273
18143
-31399
-85999
-10749
-55921
44172
66848
49239
98452
71581
-2078
-15566
71366
17504
52269
-56506
15911
72890
36369
91216
42341
31215
-81300
63684
22795
-601
40904
20548
-14193
-95772
-84716
-44064
11160
85666
-77582
71679
30975
97261
-73985
-2673
87145
17967
-91462
-16227
73134
58529
10225
45034
-30525
-67079
-15645
-73905
-63450
-30945
40188
58257
-98209
10424
-85210
-3502
-1792
40894
-21536
-3813
41523
57495
-89471
24096
-8891
-63069
-85563
63321
-98039
-17400
89753
61168
-81781
20392
-54552
-48038
-98883
-81683
58002
-48290
-39711
-1792
-76193
87271
-67970
-34151
-37299
-36810
-63322
72451
-11016
-96863
3037
-59627
-76324
-1364
7088
-25587
91684
-61868
-70269
71708
78292
80440
41764
-96758
-96890
50400
-9891
5299
48566
23962
-28034
91572
64802
67737
-43447
-41385
-13655
-31999
-86263
77292
38411
-64969
61124
3289
88574
-80495
90630
-56580
-48149
89080
-83321
-28142
-87176
54528
-86573
-56046
7211
96956
-51827
76187
-31824
37856
-61002
-15469
43615
-71994
97660
50079
-56994
61114
49131
-96219
-96429
-97681
97584
21927
70023
99899
-1897
22016
11404
-44713
-1648
89273
-22788
-40552
-94356
-13819
26506
62582
57444
-81589
-23602
22749
37794
84703
-54063
27900
21719
90220
-57952
-35320
23026
-39481
-77821
-55618
4807
5727
98425
14372
26140
68136
-20582
86236
91882
28496
51189
93574
-7307
-44016
48880
88418
-13010
-15394
-59289
-27560
36392
-51423
-1576
3556
40689
83065
-59708
-42461
32754
58808
-88605
56700
66123
-31574
-54760
-75202
-4339
-57452
-22993
-28739
41906
-48981
97038
-68941
79471
-88407
-84581
30582
922
97448
54150
98443
-51372
-93651
27679
-93897
-14823
-48055
23412
14504
75986
-57019
-64506
80291
-59742
-37176
-7714
-85700
99276
-70223
-49720
79302
-33605
-39178
13036
-24317
-3954
64468
-57750
-37891
21343
-49024
-4225
-59168
25257
95653
56883
88645
-28399
-54552
-24719
-90926
-17462
61596
-35894
-17865
-38274
82741
-34423
61073
-94092
77872
94024
706
-78774
89383
63792
84663
73345
62118
25820
-43860
30563
57396
5005
-53472
-67148
-71809
-94499
46984
-74920
12811
-41575
35760
-10164
-90846
42326
-77540
99465
88876
35893
-3199
-56927
-58236
19615
23357
-82411
-34759
76784
-95754
97385
-12172
-35989
69721
-9708
11196
79720
2926
87088
52322
95964
94477
96919
18457
-23608
77122
84473
80429
58827
98614
16821
54259
78551
-62260
-3502
-82127
51878
-39254
-85024
-48088
63554
11050
-87523
51828
-9603
-776
-89285
10160
78925
-92438
22806
68361
34484
-44896
69950
13498
48020
-43576
-39377
50507
-34699
-31931
35323
-94304
99309
-56124
-58838
-47487
-22082
54860
-65390
-41119
-61112
74598
78027
-22216
94650
-24030
57492
-17667
-52069
9148
-1161
45469
-39019
-16512
3483
-15572
48223
-17245
-11724
36151
-48843
35971
-95500
-44737
-19243
-50058
38932
97321
77887
96933
-8133
82359
-86890
74494
-25551
-84315
-84325
36558
-17361
-870
64120
29377
50764
29488
51885
-10387
62904
-81391
-71670
-95187
-30558
14538
61889
43829
-92401
36443
-74300
73695
-48725
-40575
-98921
-21156
-16021
52828
-83015
61366
-90780
-93754
-88675
-99340
73235
-66535
-529
85066
19914
-74626
-98527
-33263
70944
80089
30653
2327
-20846
70042
-95088
-66447
52941
-28736
-71913
17329
89080
-86899
-39481
22197
50461
-86169
-91528
-65741
-9937
51124
51622
16238
-6367
65560
-16338
-88692
71562
-5227
24326
-1846
29449
-23451
83937
26778
-72454
-67205
81475
-41678
-22659
64911
41584
-3571
69
-97829
-35402
28647
85842
62833
-27816
44600
88645
-97571
18589
57396
2781
17528
-43147
47560
-93434
3773
14226
-92099
62780
9374
-54516
-95735
18827
50572
-64095
37945
64231
96469
-67249
15377
8531
21577
86731
98314
14338
-16957
-63052
78728
-60480
94350
-14293
-73038
-67576
20306
10635
-79490
-95883
-26321
-90596
66536
-66090
43553
-18554
-27548
9424
-56547
-38641
13519
71193
20648
71367
-29451
-29573
-66918
-66138
21070
-72287
-55631
-58510
-66526
55119
76434
20367
6747
-10178
-1200
64734
-64490
-86499
-98372
44272
-30907
-64518
81281
-17990
-71155
47619
-810
94562
-24215
-35179
-20219
-71118
24827
-24036
-36844
-25146
-46821
-41671
-2814
15002
17950
-12707
1149
-40882
-21530
-75316
42081
25427
77748
-45129
33090
85765
62697
4151
46068
-9603
97354
23289
88301
-58452
-59742
-87396
37064
-31574
77374
-93040
-31777
-85254
27355
-59934
15141
67546
-11088
-18851
-32801
-56425
18154
92647
-87287
-87176
70726
-67599
-72850
45490
-6480
-12915
40693
93130
37928
-37719
37832
-36683
85270
-64640
-19243
98575
-36834
-13477
17382
30865
-74947
-37513
82752
23962
64298
10643
50664
-57799
50373
54733
-70795
82341
-57692
34115
-48705
-88502
-82543
12337
82458
-85743
-85733
28059
38241
-26226
52942
-95363
76050
78755
17285
-9729
-19642
-70628
-7670
-23787
67561
-42082
80752
-72164
49084
24648
-65406
82705
-50879
-66097
-95794
-9667
24113
46147
-32813
85114
-45053
49358
6870
-15378
-69306
-94687
-47319
21112
-35058
418
-28670
-54098
-14906
26581
-98510
-53447
-8208
90908
-83073
12188
15897
-25172
26742
74847
-35141
90104
-38783
58381
6143
-43682
83497
-46889
-66331
37296
10090
-2741
-58609
85842
-55634
-29292
14594
58061
12568
62164
14991
-17372
76990
-7137
-45053
39030
-85138
-76811
46775
-33279
66190
21439
92401
-18255
-18355
52399
86141
-19484
-16235
-28168
-41049
80199
-27294
13592
-61596
97908
-76811
47788
7858
46489
63169
-14428
-83275
-51099
-45145
-7316
59391
-96078
-39163
6747
-4202
2667
-52111
52467
-43147
-22384
70412
-21676
54428
-10164
-57702
14575
-86548
-90674
-52566
-35529
41710
58116
-27089
48405
-53705
71237
8407
67471
78079
-77449
97382
-77988
20548
-72995
84514
-82702
15307
36267
-58086
19440
-92898
86058
-54247
-16966
-86320
-26357
-27168
-36047
-79798
62001
-8376
85391
73971
-57452
-72084
40532
73894
29800
-27367
24376
92828
89283
6498
-24656
-12734
24464
-80106
-51619
-67457
-53735
48204
12568
-17819
1700
-24605
28717
44874
-76324
-43092
93083
7040
59054
47673
2111
-54063
30099
-86476
-27737
-90053
5209
-42458
-65815
7543
18457
19041
86571
7016
-48481
57914
40204
-5715
222
32869
-54246
-59040
66792
45526
-44360
6143
97609
-69853
92607
-65541
24420
-63247
-74193
90752
-61631
-30234
-21155
-4673
69863
-1796
-47878
-67075
7409
-23124
-62431
-37446
-84037
-99791
-5165
24164
47524
-18727
-58330
25483
-45835
-28194
60166
-48700
-55160
15372
-34324
28983
-27838
80207
75908
20306
-97
15071
58978
-75197
-76714
-96679
63891
86484
-19969
2035
-97024
42341
-88904
48344
-90180
17471
97842
-37577
52386
20
-36735
-77518
-77540
99046
97938
68337
-76398
87462
-16092
14856
-57169
-44447
-45777
3037
-41454
-53803
7938
-12846
86046
38606
-19318
-23181
46135
-54560
-14185
76121
-16846
26675
31094
-22445
-83036
85326
32232
31205
-27572
64371
30847
86311
-9169
52502
-78169
-96863
-64969
61415
99859
-26828
-30833
-14057
40992
41787
28064
50334
21802
-62892
-3676
-68349
-84319
-41444
-83303
34838
-89399
-53835
15702
-54880
61124
16892
40156
-57566
39113
-65061
-64333
-29852
7619
21002
-65925
20252
27706
93148
-14858
-69607
41748
34956
-79116
-76947
48955
-10437
12988
-10889
18158
-1519
-7835
78773
-18367
-39595
19809
-76120
63149
60121
-7419
66390
6196
79343
48766
-97898
97442
-27098
-98146
-48479
-85254
52222
42716
59768
46949
99798
-50026
11296
81634
91425
86484
-79554
85235
98611
13862
95995
-73747
-67970
-59262
65348
47120
71004
-9274
-62604
11638
79720
76153
-97901
84637
56270
-96182
-41549
-90013
-312
1021
82475
93364
-61979
10224
-51966
49562
-79464
-32994
-3461
38259
72070
79651
-57246
-49359
30448
6424
-76499
79277
-12007
-23006
21559
-79649
56407
-85816
24662
-4587
-64619
72718
30647
67650
94260
-76980
93166
-15840
-28320
50904
84703
65468
19421
85059
-15923
83867
12195
29505
-30711
-68669
-94532
-42934
86591
-97205
14790
55960
-58045
-92414
32647
-56940
94919
-68941
-23319
-54413
5182
-64454
-72560
37101
-25083
-16957
36455
59959
13374
-68473
41580
48151
-27737
-41941
32574
88533
-58839
-8124
28265
12029
39790
68363
-99417
78091
-6681
69152
-47621
-71504
69255
-9922
28608
-95567
-18307
75541
6888
66056
-95928
-63907
73464
-48149
97835
-92905
57035
-8073
58071
-99283
18304
-99974
-80362
-77471
-97262
-85209
-94254
1193
-62022
5152
66629
-69607
17798
-24136
-98729
-55266
-38827
38721
-63450
25704
-66734
-27492
99617
18249
-97098
-92594
-54679
15339
-27438
-75482
28663
-55360
-5498
57171
-7364
50334
-23820
-44098
-53560
70294
-61209
-39622
17056
12719
314
38700
-15403
98642
91221
61040
79776
-86215
12132
-37627
11404
-10816
3183
-11556
99647
81404
-79211
-84165
-72533
76163
-43722
69701
-52767
98575
-87850
65942
-19484
55483
212
17528
29021
-8641
-89413
92676
-28423
-53453
-86435
-93733
65729
25750
16233
25798
-29636
52501
-21808
21275
-92105
63097
84580
-59154
-41981
-76005
-52304
-52828
-2634
-43515
88203
-12460
-34228
19202
-12177
-75191
37989
-92449
57261
72250
685
52450
84812
-85400
-78240
41844
17706
-79239
-32746
50113
27238
-45645
-84363
-42983
20438
-80882
35930
57561
33876
-74215
-68818
-18972
-48208
-64137
57051
-22978
47444
88042
-91324
-48892
-28879
6160
-90642
69466
48743
13960
-64201
-80992
-62240
-98252
53716
-99283
-71861
-2930
-96182
69701
-59879
64492
-34736
10994
-9615
706
73377
-54528
-19545
37366
-27981
86262
55539
-24449
-30568
35836
37715
83974
52140
-43404
-60780
-33300
-956
64018
56547
-7158
-28912
17802
-98763
-13389
-11114
-54839
-48886
62935
-49701
28131
-12633
-26226
-57007
-93295
19809
-54725
-40366
70848
98237
-78962
15166
19754
28925
-47344
21216
48571
-51607
-15371
43102
36817
73401
3256
67235
-25365
78702
-332
47656
-48832
-56626
-85790
-12081
-43303
64812
-29838
49038
-72267
-1446
-89723
-41044
12024
-8014
11782
-54154
92503
-387
54910
7862
87088
-57673
-92868
-51203
19601
-84520
72427
-71433
39168
-26733
30310
-81708
-54082
30585
95394
-45309
19491
-82899
33759
68968
-4692
-32595
-10458
-51496
-88146
74419
-68270
-53037
-92490
-78120
11879
-89300
75274
33611
-93157
3729
-73067
52399
22467
24814
-77692
-95176
45721
68452
-95683
10690
-66893
-42273
42490
-11817
-57527
-74657
-76268
95004
17504
-26808
87366
74146
1342
26825
53716
-53773
-98105
74900
31949
-55266
74022
-96331
-66981
15572
-70194
2050
-55077
-60702
-18516
-61448
12796
70974
-56681
40163
26675
46140
29209
52501
69813
-37095
15162
60663
-62064
-8623
-94112
68661
-46666
13592
71580
8503
38760
-36447
-75191
29664
-9325
34039
-54480
-20043
-97428
-43231
-87287
70019
-31098
78299
-5876
22101
53592
19780
86045
80326
-63826
-88480
90592
-9333
2547
62038
-28830
-51654
-37154
32455
6586
25831
85928
-28957
52747
68625
-76592
96119
-22762
-42704
-41063
77667
-62982
-29463
56009
99730
44826
74598
31785
-71208
-34292
-86344
-3927
79872
39467
-8567
45454
73902
-23792
27123
-91042
41602
-66878
-66123
-49773
13605
-6306
-84452
-64750
-11817
-36274
-44102
-80797
-25939
-28544
-95826
-28481
-48339
84238
-73033
-85635
-70511
-64565
-9279
-14432
-12397
-23792
-63577
-81921
83638
34984
22791
78095
-86006
64415
-21458
-21328
-91324
20487
-38253
89688
-84394
87259
-39575
14143
55101
44150
15508
69009
26319
33711
-16835
75920
-8567
-10885
64172
48492
16410
68995
-58440
-66517
-55163
98106
-10597
-53319
-46220
-60151
11933
68774
-41952
28071
-16223
24371
-66999
95541
93696
-64582
7889
15575
-26089
93851
21048
-1742
-47762
-50145
-81900
96206
68018
-83014
21819
-1015
28955
-48747
-96928
40464
77220
33268
66258
9976
94130
39340
34273
-51786
-87082
-18939
-98945
-10817
14218
-92438
44472
-3965
2517
9967
-52214
61366
-92273
-29060
7834
48717
96228
-35759
73235
-16445
-66435
-16495
-17372
8764
7378
-20485
38744
-72164
55539
19424
18838
5431
-17422
-1975
-35954
97546
-24040
11196
16779
-3939
93130
5299
9293
45518
-53423
73979
47485
-46625
64297
70068
-73744
87902
2344
78558
-23451
44899
-22545
-3130
-82799
-14590
67010
-96457
-51231
-75174
24967
-17677
60724
78680
59878
-89904
-66312
80764
-61496
-40722
-57477
-16538
-57139
62537
-98767
24358
-23600
-93491
45994
4663
13096
80449
24930
-74626
-87430
73528
-51367
-36493
-9750
11614
47031
33097
-38297
17153
31087
-66811
23816
-92961
49604
73514
23699
38297
73748
-9771
79345
-60382
4132
-46026
-93725
-36683
-25215
7378
-84917
-75389
34461
-58784
20627
3734
-82410
-72666
14955
-97552
-55458
14470
96721
59997
99893
-14251
-5224
-16092
20950
-31565
-24502
90956
34473
-870
-98950
5202
-18281
-80665
-41979
69860
88203
96022
-9247
17071
-79412
-54046
86824
25388
13416
-59469
62223
-7086
42242
27172
-25588
-61334
-39088
14289
1259
-27517
-57830
-85475
26510
6994
45576
-46283
90765
-73018
-8715
87061
16318
-79300
-6227
-72408
80166
45200
-67076
-67159
44600
64099
-37818
67869
-17667
-28261
-36804
-5524
81729
-99240
-26653
-82350
26022
-3864
-1630
46858
13515
71307
-61298
78482
21384
-73999
-96835
-72532
-71069
-59886
11670
-36901
65664
-40213
-28602
62761
70287
48160
2862
49464
-74872
-62892
-64492
63733
83728
33117
19377
-82911
29250
89218
76050
-37966
-69504
-79822
10863
-40529
78142
-56806
-79886
-49904
-30453
32868
-52100
49562
-94072
77248
-27647
47086
-61484
-88718
84514
58317
91221
33620
53300
-81351
-43422
-11437
-61691
28173
10397
-69447
29744
71313
-61519
-75967
80762
-576
-43360
3164
47613
-67457
88634
-81585
-79649
99446
-12245
18827
19118
47352
-51911
-29292
3637
19754
54775
-13043
69459
42217
-47736
-72971
19774
-90107
67958
-69109
81366
747
-4000
-51410
24112
98061
52525
49045
55429
-78451
9218
-73773
-81794
31497
82005
-51576
46333
-55103
68774
28575
31257
89397
-93655
-89889
-52807
52066
52623
14548
-78041
48773
76465
37255
-50013
-2601
-66035
28892
20548
2527
-20094
89470
5353
-69938
24767
-20508
46391
-14483
-95599
77346
-53014
89131
97145
58071
-92622
-51753
-57325
-34741
85494
-77650
-77821
-53773
37565
51120
-21372
88500
38928
987
-63509
-10077
-2078
97728
10142
15395
72402
82660
-70833
59392
-8551
-62022
-44068
28932
7693
-8414
-85723
-90935
-67510
-93632
-55618
63414
-8753
15162
75220
35624
50572
14727
-51825
90760
65503
-63402
37101
69720
14991
27032
25477
33182
-46590
41262
-57567
-55153
-38014
24929
-98575
37855
16726
37255
58552
3496
-9195
-64828
22089
-24084
52171
-56707
-28481
82007
56040
-65397
49110
65306
68239
17802
-80750
74505
-51064
-90516
-61019
-26118
39046
20114
57080
-49359
-26855
2291
-94288
96277
8891
-3211
6099
56407
83912
60931
45579
-6359
-14823
-36682
82413
24052
78972
-83300
-56702
73965
-16547
-9202
-41890
-93408
-79023
6496
98407
70931
26367
-68250
-75292
-43080
18927
26846
-84131
26140
-76398
-78007
14813
88377
74203
70482
40386
-75084
-26671
-26994
91861
-52902
55860
-78573
54112
-72384
85427
-46440
-18864
-3145
-62318
55265
-88675
63719
-45987
-3029
89920
-51697
-71377
-191
14939
-88480
2249
-49081
77668
-46870
-10810
35787
75888
-86832
-91627
65658
-89609
-40152
-79129
72259
-42083
30224
-1377
95698
-71770
99361
-59628
86461
-72267
-24611
20944
28458
69585
92796
-47109
16592
-36658
82543
-24314
-17872
-15731
-90760
96286
92918
-84656
68769
26942
36381
66683
19998
-45129
-191
-63762
17519
-1694
-39279
-54889
62629
38704
-8067
85710
97321
9475
29786
-28935
-54061
-51497
6608
96455
28085
51222
-30519
21072
-61970
-11964
12683
31219
58115
-54082
-35320
92458
-1618
-14627
-2053
24459
60719
59013
99512
