1201
26956
1549
28328
-24874
2783
-42367
-46832
-15954
-29029
3689
-48776
-44502
43134
-13714
-37931
42573
-46512
32813
-40016
-16592
20203
-25156
-24725
-11886
-2305
11743
25156
35938
14043
-38184
-2912
39407
35532
27318
-14771
18753
46262
16806
-44434
-10370
-48117
-10847
23965
43106
18298
25262
29575
-42579
-34684
-12791
37660
19613
-4565
-8937
-9459
22637
-11564
15468
6119
-19248
-2930
44107
-265
3389
33080
-4629
17001
31497
24530
38346
41307
-30649
23341
550
-45411
-16592
37254
34957
28215
-40243
30915
-16255
-6396
49565
-49299
3516
3276
32297
34012
-14136
20146
31126
-33759
31425
-23287
-32786
-2912
38896
7455
33149
-20506
35834
41251
-49662
-42477
41298
-27648
-26699
48170
-47202
-12073
-26195
-23182
-7070
-24270
-250
36753
-26872
-1957
14848
-5093
-31398
-38896
19743
10479
-34306
-4653
-7518
-14939
-18148
7338
-18738
-15981
41580
-27883
8471
-11839
-38176
-39022
-8473
34046
-38461
44883
4833
-38506
44409
37849
34746
-23099
1394
15080
-35533
-39902
13262
-4579
-46796
40653
-32722
18225
-22614
25916
21220
-38994
-17836
5932
21070
-42687
-32482
24831
11598
-27463
36771
-23363
-4775
-23061
-22285
4291
-9953
46358
20168
9487
48522
-45894
11875
-17376
-28491
-36535
9969
1451
34818
5444
48680
-40564
29581
44466
23127
-33835
7811
-25727
-36147
38700
-38192
41077
-44537
36886
43620
869
-4485
959
44912
29096
2135
-10512
26145
-48358
-15628
40465
8283
16581
-29928
27759
8601
1971
36523
-34288
30486
-36517
-46868
26883
-4629
8765
45253
47266
-30674
11730
-15260
40550
-7453
30032
18500
-26882
-21574
31024
35375
-12344
3108
31721
16682
-11455
3671
37396
-24610
46636
25390
-13470
-17148
34587
4947
7690
-4448
38953
-8734
30853
16727
-7518
-1910
-11219
-30530
-37571
-41915
-19263
-265
-41997
-31978
-45930
3550
31721
-17155
-48968
-6045
1508
-37977
34398
22190
49475
-13677
10528
-15211
-33429
-21829
40079
-13499
38682
20041
23897
41458
-23723
9549
25370
379
-31639
-10306
-20759
6358
-24687
-31197
2115
-42964
44988
14537
36736
-11077
13660
48351
-44250
-36553
12260
39917
875
-35280
27318
12124
5546
-30582
-39826
282
31425
19870
7390
42159
29127
-45132
16153
-46656
-33942
-32046
-9190
-23318
-48690
-21657
26077
46569
-25754
12735
-24396
-39510
-48403
29179
38142
-49083
26912
-13409
34943
14298
-22944
12667
-5216
-46586
25088
-49963
-46501
32799
-7254
6587
-7830
-664
15563
8718
9008
-31394
-30234
14363
10047
-16167
-40231
-36739
33486
-27559
-44248
-36659
25170
-7974
39124
-25575
-4796
38453
10432
-33619
-15233
26374
-46489
11934
-1626
19522
-27829
2065
-26782
44559
-12883
-38627
-30674
-13743
-40294
-36327
19448
-13843
-40246
-4938
24666
48542
31721
-2457
26495
39038
40977
20372
-32733
44367
23771
-22277
35848
2987
4524
-49251
-16554
12547
17612
4757
-10021
-15574
32513
6974
7841
-40728
-23370
943
-20659
48721
24265
-39951
-11195
-22829
-5990
-29689
10503
6576
4926
4558
41691
-48690
-39951
-25298
-38245
-14422
46224
11957
8741
-23191
-49830
40276
-33721
24612
-47486
23855
-32362
-15357
14533
20720
-35518
27938
-20281
42238
-39778
-6751
4829
8978
12402
29894
-20248
3904
24269
-46444
-27810
-36902
21946
-431
-10292
16478
29772
34804
48501
28459
-30502
44839
35600
-16536
-39653
-5220
42972
-10964
-6376
2876
48637
-21917
-17640
-10404
-32482
-4403
37280
34088
-5001
20509
-20365
10643
16291
18251
45795
13220
45016
-33664
-13842
-14086
12903
33887
16252
3279
38869
8312
-42409
16917
38199
34818
38058
24600
27284
-26677
-8120
-8364
-1837
12755
-27626
35595
43940
-4559
-15674
1056
37820
37396
10190
32297
8341
40547
15065
44302
20304
32999
-48149
40465
-32085
27237
23304
-49194
-27418
-29825
-28084
-11925
43402
17159
19320
16382
-8948
32195
-19476
-9179
-7254
17291
-20315
-33083
31790
-16476
37644
29581
-19246
24801
11815
1061
5333
-4636
-45622
-9166
30884
-19560
-48969
-6330
7506
47762
-16829
-8195
-22897
13018
-36101
-31831
39249
6964
17481
-49645
-32423
-24270
32528
-49061
10553
25382
-5785
-34590
9656
-5469
-48403
761
35487
31075
-509
-11200
-20876
8168
-6427
-20048
32287
29030
-49063
-11473
-13570
-8444
36087
-40293
-21157
26255
13910
-24093
-9717
-4702
25008
34227
25916
23673
10636
18753
43379
17308
-46765
4487
-23782
-2559
-26486
-4557
6020
-25484
1361
-31566
-28857
-47205
-12103
-13318
15624
38338
35750
45664
-17489
-22734
3355
-22401
-30269
-13240
-1623
-26398
48207
44409
-27118
-13743
-25224
5285
-28861
-23363
-9265
39797
11758
46481
23528
42135
-11230
-42733
-44263
41342
-21309
11648
4817
-20152
4197
802
-31222
-32384
41312
12621
5419
-46598
47741
-20927
-38192
-42898
-45080
-42097
8699
24939
-21343
4639
-11528
16788
23637
772
-42232
43149
311
20172
-21888
-49093
47207
-48598
45664
-46206
23689
-48567
37598
48433
-23705
-5673
25519
30000
-36751
-29368
29179
-19476
-37292
-21354
-728
2708
13035
-18075
-29416
38997
3355
-3323
34749
-27850
26627
4828
12667
23556
-39532
26881
5297
-33795
-27787
23674
1835
-26187
-6786
-44880
-37714
22874
11716
6215
-30169
28786
7685
-7650
-2885
8168
12826
-21774
-10207
23556
-43451
-14027
-21197
29513
21089
24106
717
-30912
2189
-1411
-29307
37007
37396
30381
-6110
-19309
-46758
-16860
-30570
-42157
60
-49855
42417
-25381
-42073
-6998
36381
-18340
15149
4716
33217
-23692
-4448
-28751
16243
-39296
-15914
49886
-45938
3852
-10813
-48732
-37977
20813
-48594
17434
-39532
655
-35501
-10870
-17080
-44740
9704
-1910
38044
-10056
-20501
34568
-9661
23424
15756
3710
-11200
21836
-37411
-34977
9066
32538
27420
-9910
37149
11519
-36007
-14544
-38282
2235
-16300
23547
7533
34960
13820
3744
10636
44815
19717
-43809
-265
15770
-24944
14609
-8937
-47444
19725
28885
40496
-14419
-47369
48542
-910
42262
-46257
-40317
20926
47755
42358
18513
38699
32112
-12554
-18568
-39595
32209
-10947
-46261
33421
-3799
-16815
-2503
5360
42595
-41510
26139
49872
-24050
-15529
-2233
23424
-3963
-39778
43688
24188
34145
23632
29483
-5944
-33459
38044
3452
-39082
1948
34565
-26654
-10885
-43749
41602
36523
31614
46416
43679
-21549
-38407
38146
-728
23341
13028
20294
-21607
12445
10986
17713
32209
34560
32693
31450
-44710
49860
-48650
21946
31765
19587
-27115
-15689
-9612
20842
6189
-11950
-25234
-38627
27655
34240
11954
-10512
6178
32103
20453
21733
-25381
-21574
8325
-8939
31726
-10985
35765
-14917
24827
6608
-47113
-4499
17144
-49942
-22426
40913
-2061
35688
-31078
14466
8154
-37042
-16124
22353
23102
20669
-459
-48185
13023
-43643
16946
-12641
-25914
42345
-49993
20895
761
-20315
44083
-16753
-4290
-9190
-14853
18486
-18866
-23065
20803
-21214
-27294
-47680
-5675
-48902
13475
41441
-44473
-26329
-10738
9066
-36618
39785
18297
-664
2497
4293
-35426
-20491
-7397
-43158
-1463
-6739
43620
-2207
3275
-31565
7506
-2555
43302
-28308
984
37720
49650
-44378
-48583
14708
15395
10999
6312
41289
9097
30426
-22020
261
-38334
-45132
-7466
-49563
15453
-42897
-24878
42326
655
12321
-36179
5603
10836
-45622
28750
9407
-26692
-29348
-37453
-42043
35917
38041
-20691
-26149
2278
-8839
9678
6312
-47851
-41777
15152
33445
3268
-18269
-33390
44562
-21540
-39765
-26901
-40079
-15301
-28630
-41646
34312
-42461
8765
-46696
-35451
-41439
40170
-1353
18328
39950
4803
34069
-7342
15888
-29038
-38201
-43646
44877
6719
-18252
39210
-9743
-1957
-23911
12826
-37714
-22426
-8948
28590
-41299
-29877
-37062
-21228
-28554
1469
-30390
24607
43034
-44473
47633
-18462
43247
29581
41354
-37865
-3051
29230
-5944
-43393
-32393
37811
6474
-26037
30569
9319
10950
-26478
-21602
39281
32422
43460
45854
35547
7737
-11195
48393
24095
-19459
-37801
-25494
-21575
44538
-39653
-265
-1597
-29412
20599
47663
32999
-4278
44115
-41524
-36418
-27693
-26620
-5005
-7803
-46869
-1957
38463
12663
-42099
37433
-48952
35639
-37226
34113
8946
36760
35253
-10836
12367
-17809
36205
-23911
-14733
-255
-12973
-32871
46469
-14300
-43750
550
-42330
-18002
-4784
-13638
-12281
-9004
-32900
-47627
17608
32538
6317
-28568
-18038
-22701
-42955
-5990
18875
-32859
-48598
-23532
-18019
28504
43557
10449
29402
-33449
33821
-17836
-14625
41935
-15226
22490
45738
27658
-20432
-25855
-50000
-39278
42042
6448
-28040
-15148
-21447
45743
15331
11980
-25599
-32262
5229
-7715
33364
-5884
34960
27055
-19936
34805
195
25382
-20365
-32061
7406
-10587
608
15644
-8211
41840
-14921
-19440
17943
41268
28915
18039
-20028
44107
-25947
-43478
41943
45575
-16756
-25494
49804
6977
44877
-4195
16985
-25809
-12425
34238
34505
41588
-19440
-38026
44888
48228
27340
36772
-11087
-48692
9333
36671
44329
-48740
41305
20901
38365
-38475
-3561
39768
46545
-18813
-1343
-10166
-18769
32746
37598
22576
30850
-16659
-29022
-43640
2634
-23182
-39639
-46706
17245
-48289
-17281
31781
-47055
15782
-4615
48826
36372
-25855
26397
-22871
2247
-47541
-25927
10241
-40993
24434
-19961
-3767
14640
-27230
12139
24612
48522
-48886
44468
-42650
26912
-234
38453
17523
-13014
-18769
2584
-6870
-10574
761
23151
-7331
214
-20045
-35688
-42132
-10438
47241
43690
-38945
-47363
18697
-29816
4905
-994
-21658
28839
21946
-11458
1373
26782
11816
1351
39038
-34234
-6376
-36334
-32486
37472
-35738
-32926
-34959
40042
-9074
-8273
3982
-49830
-30307
-27699
27759
-32492
-37311
30292
-10593
-37714
49336
-21585
218
-3104
-47888
12957
-22967
-15995
18830
-32232
-44242
33412
10479
-29770
27640
-37045
41210
-22463
-26561
-42007
-12641
-35220
-12791
44127
-6013
-9648
-27850
-30427
45429
-41540
-11078
-41105
-33289
42641
20509
-43034
-14939
-49401
-10427
736
-11455
-29529
32422
27709
19512
-23046
-18365
-15776
6919
-22390
-48050
-23234
37108
42654
-1776
28321
3666
23005
24345
11191
-12040
-8597
-48763
40523
-10457
16917
-27674
-1510
-22020
26433
-40231
13158
44547
-15148
-28376
-27693
-17281
-21157
-26523
46277
9543
39315
17304
-4867
-22225
44255
19880
11798
28488
17077
-21385
13903
43724
-41448
42008
-30035
9719
46947
-9311
-6362
-20944
13931
-26886
18237
-2222
-15180
14054
13083
45520
37333
8208
12568
-8211
10942
29623
-20154
-23105
-39298
1233
-21268
40496
-12416
-25058
-14821
31790
-2990
6585
-11195
-2721
-36543
3673
-49800
10881
-14419
-34452
-24085
-49593
-49509
-16002
3088
49645
-48776
49114
-11156
-31802
-384
48170
-27297
-36535
-494
-43262
-38955
-3011
8208
34097
10846
12281
-10735
-33023
29694
-32777
-47363
9169
-31639
7526
-6895
7637
-19655
9028
42128
8940
17376
27062
-2618
-11340
-12683
-45188
44460
23044
24914
29792
-37187
30011
46041
-29013
23151
23991
-11689
-37062
43424
-30478
41923
41461
22796
40121
-12052
-24685
-2821
12568
30980
-36101
16938
5714
-20242
-20683
-21829
-9118
-10006
-12005
-6606
32132
33214
-35271
-30538
5360
-17049
12725
2614
-28248
2994
33149
-6153
24410
-25351
18500
26516
-45482
41312
-9213
-33739
33344
-13469
33627
-45556
46757
45049
9382
2326
21861
41298
-17967
-13913
-40387
38381
-24874
43679
-10847
-41966
1272
-28788
48062
-32393
23310
-7978
-9896
-29825
30804
-16124
-45410
-22529
-26478
17888
44365
-43407
34804
-10056
-15689
34046
19320
45057
13119
-25094
-37188
6815
-37038
-31824
49048
34243
41698
-12920
-10384
33605
48946
-33655
41520
-12431
-37427
-49925
4739
-9734
-3758
-29782
35362
22154
-47563
-21575
-46361
-12920
23674
-25052
42190
-25537
-36007
-38181
-20808
21836
-25058
-23785
36171
-19922
30028
20069
42998
5272
-8209
-20708
24827
-8597
-5046
4161
33100
21872
35843
-10611
-44460
2718
36372
-26886
10869
38880
24383
-5949
-36401
-44762
-19459
-32945
39372
-227
-16577
-19398
-38115
-16756
-47449
-32403
35946
-28856
14304
-27490
-11193
42056
-7367
-45351
990
36558
28092
8219
541
-28983
-46537
30966
-39082
3977
9690
25170
5270
-17045
-341
34281
-14669
14398
39414
34820
-48921
-27767
-17471
4274
-43139
-12973
23729
13657
-26304
35547
20509
-31532
-8587
-39532
-8175
25545
30144
-2656
-18095
26754
11160
-42860
-33315
27010
-4262
38993
47733
-19628
-16594
14377
41018
25491
8841
-20161
-31539
5606
-8633
-23674
-12974
20437
15148
-3307
28488
48970
1061
-22801
-9262
-44346
1508
-14027
26160
40929
42112
41892
-25965
15639
11444
-21548
17592
44883
47386
-5785
-3018
45523
29876
22560
-6288
15234
-33595
-44940
-44497
37284
22771
-21271
-48806
-39213
-16238
-26308
31644
47420
32989
37961
43080
-40317
-39013
21438
11021
-28348
15268
-20626
29581
-15505
7488
-14934
28070
-27443
35938
9280
27597
-30419
-21888
-27271
-47496
-43417
15090
-31936
-32746
-40592
-46199
-12990
-37110
6883
45789
13907
6530
-34085
32195
43931
-22285
-4010
-38955
15486
-31490
-22034
49481
-14904
-11603
-1776
22437
17378
-47055
14466
9072
13803
23671
-23790
20140
2189
18070
-21665
23491
10826
-23990
-11411
43685
-30768
-11503
43424
16776
-26517
79
-44733
-42043
-24658
-1869
2614
-16420
-27047
-35434
-27115
15476
19954
-28078
7787
-38793
-13714
-35675
26017
-29441
16930
39407
40448
6189
-19901
24667
-24183
-45233
-5570
-10964
30134
-45670
-1059
12307
40265
-34672
48582
-44830
-25296
-40306
1884
19120
-30570
-42572
-14419
15525
-31262
32069
25314
-45930
-34105
41593
7535
28771
28326
19334
11705
-50000
8677
12966
-47799
-22249
23546
48931
-15516
43753
-7764
31382
4530
47240
47485
5097
-32815
-31033
18574
461
-16471
-1597
20842
-9743
-37042
-36327
24524
10881
700
-16498
43346
46076
-10427
-8444
14246
-11618
48522
-39120
-27101
12097
-34221
17436
33370
44915
28835
-19947
-5605
-1776
-2128
700
-30570
-36663
-14508
25652
-3603
-26509
39588
-49301
-26119
-36562
-45930
-28202
21043
27318
31948
-49427
32155
-41510
-6111
-31975
-24788
26043
-31197
-6925
39138
-31089
19952
-11253
17592
-13686
8470
-38756
11917
24581
12124
32538
-4381
-26971
-39639
-6618
10304
-48796
2788
37900
33445
19329
-11996
-10384
30144
-30900
-12978
-28298
-46998
26596
15395
38381
4716
-34242
6412
-4587
-37563
-33520
-7466
30912
27689
-43890
22445
-18385
43852
23725
49150
32617
-16476
-2912
-8783
23556
-25247
26708
-36185
-25565
7640
21474
46481
-43646
-39765
32296
-1034
43635
49673
19102
46715
33264
-26977
-47838
5569
6324
-44762
21829
-45271
-48070
20854
-11713
32523
-22249
39007
42600
35239
18030
-36339
-1247
25229
-9337
33196
25730
42554
30703
-38038
33778
-30319
44107
5242
-27696
-24396
-43325
-31824
-3140
10339
38871
12155
-26864
5858
49048
-13400
49797
-8798
14838
10886
-6427
-19378
-23725
-13776
-8366
-48322
9627
9656
49975
-29803
15449
-33487
-17238
34820
48196
-13098
-10964
40470
27615
5656
29088
-22771
14708
7520
8601
-26010
3761
34560
16198
-6508
-30269
-13697
7115
30458
38338
40245
-5820
-22194
15815
-38936
-15180
36198
-6110
6365
-4170
16840
21143
41600
-15828
25740
9170
13035
12071
13496
13149
-49942
-43718
49650
-20480
-4403
-39439
-44688
-7083
20157
-14604
47760
2233
-42446
23363
42573
23154
915
45122
-32751
9333
47603
34066
-7096
11758
-37804
43855
45874
-9116
-26478
-9062
-3522
9439
16153
32528
26598
22603
35345
13339
-27696
25600
48721
-37181
38071
-19604
35202
46132
39090
15075
49051
22041
13772
-23640
-28694
28839
4056
-877
-17040
42055
-17059
-21607
-49462
40362
-31068
-13240
7165
-49106
-31013
7455
6064
40720
-42005
-24164
-22719
-36535
6456
-38617
-40870
-13144
-14100
48473
-2276
-2163
-13949
36230
5222
-18769
17389
-49822
-6288
24914
5478
-36271
30942
29577
23709
27613
2497
-17590
-49757
-987
31946
214
-42871
-33102
32693
7520
-28139
-26310
40977
-26794
-38065
9690
30804
-31425
-23440
-3569
35151
-35582
-13709
41474
-27642
-46199
5032
8645
48967
16527
-15129
-45380
-26578
37070
34804
40245
-4170
24968
-37748
45828
-32980
-26308
-35709
33787
14818
-18984
-14834
20893
3058
-36118
42287
-30851
48409
-44676
42595
38409
11742
-41777
-48149
-4263
-33753
626
-9059
-28721
14377
-41580
27002
30467
-36641
-4362
-43697
5300
-2112
-35971
959
-46832
26331
-20209
-26012
-20922
31547
-19803
23815
6357
-27376
40465
-30236
40962
4562
38787
44568
25038
-37789
-30035
-26122
-18148
-20121
23249
13648
41424
38794
-7236
-7850
34097
-45917
47764
-3995
-43185
11798
32311
-2362
-2891
-18483
22081
-35808
42028
30648
-26517
35512
10775
-39853
-19286
33551
-2799
-36594
-22550
48472
-15933
39502
-16435
-16471
40213
-1000
25918
35239
35475
28268
-16592
17673
47256
1902
-38007
34568
-3403
30479
-11572
6011
39822
6089
40578
21766
35306
13701
33477
37400
-30649
5308
13660
490
-14992
21841
-4070
-13240
5637
-27302
46277
-19630
6957
12847
-17895
-4334
-31141
-49637
6258
-22249
9100
-13160
-37276
-26253
49010
-39439
-25784
-43407
41698
-19030
41906
233
-38127
12547
-12235
-31792
39272
46416
-31490
37149
25816
-9238
-15873
49650
12966
-8366
-17308
-44016
-33425
258
-34904
-1819
-24192
31226
-1285
-39120
-27444
-42897
988
40384
32960
-6078
-12020
5168
-30899
-5628
-29464
44302
48970
5503
42451
8221
-7715
24479
-36118
37231
16946
-21963
9097
-25094
31007
-16409
14934
-7397
-16075
6653
-15529
-20331
36256
44032
34281
22525
28160
41933
35178
-1597
20782
-38846
35179
-48598
-45339
8348
48277
-9668
38041
45309
4454
11876
25800
40470
-25615
-48474
11716
12994
24888
-47363
30393
40464
-23424
42714
3389
-43179
19806
-12641
-3307
-23532
-31390
-11313
-20095
-16124
38327
7036
41461
-18944
-44771
29531
-2149
-26502
39138
-28984
29018
-20038
7973
-33759
32085
-17484
-178
-12123
-27297
18698
-8873
-10324
-5043
-415
-46706
23154
-35868
34342
5954
33578
20207
-48737
-48841
-25611
-2307
5356
-19371
-45251
-38294
-36183
5435
-19901
-35451
-20708
23637
-49830
-29036
45873
12151
24677
5668
37375
2278
-547
-12509
11331
-36388
-30067
19331
11864
9072
6934
-18872
43864
26302
-22697
10624
-38774
-34968
42190
8341
35252
-38982
41943
-21973
-38793
-6273
37900
35354
40161
12013
4449
-13327
27658
-36751
17523
-4797
47451
-46985
-19586
4908
-43533
-31937
6635
25839
-7738
-26559
-13842
7938
-31491
-9217
49975
27614
30476
-24369
48582
29230
-27221
8850
46481
-28163
-29786
-32621
37872
-23261
-25727
-3379
44852
-28308
-49900
16776
-40229
7850
-15301
24538
47448
-25179
-25501
-19544
-11936
31721
-24521
40949
21757
16205
44729
-12307
48970
-26622
43080
27396
20901
43724
47126
23965
43460
-39002
-6275
-35645
-45570
35661
-8582
18209
-8402
9097
-93
-21944
-31182
-42132
-16627
-25452
14377
-46466
6258
-1583
6351
2021
41620
-22199
46641
-48906
-25592
20427
31739
1585
-35533
31986
15888
-18899
41395
-47902
-27650
-8748
32287
-10050
-48767
18887
-24212
2742
1855
-9763
-36517
-11222
994
47760
23068
-41145
28459
35815
-15589
7520
9100
-35333
-26329
6515
49052
38858
27318
31226
-9954
-19560
46545
19004
-4036
36771
-4758
875
-27637
29272
47443
43685
-15828
23567
49626
44127
17454
-19745
12829
-46070
6047
-47423
-17605
-46586
-48394
17541
-28489
27396
19520
34494
-41873
-6706
30431
-31937
-28524
30721
-10324
28915
20355
3771
-23861
41520
45832
-7978
34505
30725
-49662
-29617
19530
-16180
-3622
45897
11379
-13536
33671
38794
-10006
35538
25730
35277
-12431
46469
34719
24594
35246
-22829
22154
-35914
32209
30479
13569
-26356
-2550
49673
32513
42589
-22051
11944
-26397
-6013
-29795
-33721
212
-21405
-14992
11801
16682
-43745
869
19855
40425
-33942
-7803
26699
17523
608
26145
-47191
-24043
9170
-23967
-14943
-1411
21449
-32542
31768
-24164
-12145
-29978
23114
29714
-47556
-12073
18204
-9351
6776
-17314
-26012
23567
6448
-6078
-21944
-14296
-7342
24283
-39783
7737
-29772
24811
-42099
31172
442
-46706
15282
-38616
7508
39090
-21270
-31350
3891
46636
-3140
-31746
1394
4661
6431
-24546
46823
44941
-8911
-10975
-18252
-21540
-45993
-13905
-14805
20236
19880
-22914
22042
46736
-34698
5418
32340
22390
-20943
35202
-21751
30850
-26620
13262
40373
-45099
-32514
-9099
-14219
13598
6263
-9454
28384
-34488
-5043
4557
-5332
2708
-16375
42262
-6598
-32968
29263
17159
-49488
40350
-40728
-7659
15282
4511
18517
40142
-19901
21373
-46889
-31571
-27499
23387
8049
-44434
-12990
-9417
29067
-41763
-26872
23883
91
37660
27595
32340
-39853
21757
8766
-26798
29577
-29806
37284
-46206
14854
-3822
-37715
-39762
-20154
4236
3081
-1166
-25615
-36473
2897
-39069
28205
13928
-17846
-3518
-44174
-48405
10504
-27559
-24692
-36651
-21055
-2187
-47496
26863
47420
-7821
-31222
-37302
35484
-44144
-12232
-5941
49377
-11405
9256
42258
-14733
-24440
15152
5858
-23065
-27444
-22529
-36134
-16124
-1717
2551
-23051
9171
11743
-34498
-45233
40025
15486
47448
12845
-42253
-46682
18698
33686
44078
-12425
-46828
27695
-3933
32079
11917
49377
5503
4716
3021
45832
-48567
-39410
669
-2793
18456
-12305
-47084
45445
-17471
15076
20182
-32871
48392
2233
7834
-38999
-25810
11081
30733
14335
39936
43196
-2043
-3767
19470
35488
-45092
-20245
-36040
-12448
41691
36012
4274
-8444
37158
-27650
-44378
17950
9538
43058
-6870
26089
10076
-4023
4908
41824
10479
17669
13272
17806
46029
-19623
36354
-16743
19334
-34812
-7937
12603
28863
-8104
-6004
-1889
-32347
47314
-1703
-21602
-48040
14136
-2915
44711
578
33154
42326
-6607
24809
-30419
-16821
-43919
-12448
24648
13903
28595
-49975
20124
-35759
-26094
8699
4183
-16629
16279
-46851
5310
49097
-28796
2778
42982
-4292
-5045
17601
33566
25156
-10948
-49063
28256
45575
41077
48825
-19661
8826
-7659
-36947
24120
-42687
35509
-265
33180
21138
-26937
-31768
49875
2007
-13501
31425
2762
33520
15305
-34468
35778
11990
28750
-11411
49693
-3323
1369
20351
-30196
28288
-43145
49626
10848
4947
47785
48131
-43081
26627
-24111
6460
12185
-9920
-6066
-15856
-22863
5858
-23109
20423
-34844
-36835
11303
10511
20347
-42023
10328
8575
-3379
-15524
39606
21277
-42579
18662
37720
-40029
-269
-7070
-5978
-11405
45689
6263
12024
-26187
14287
38146
-26646
-41210
-9982
13086
-43598
43136
21143
1218
-42052
26797
-33145
18296
-35914
-20792
-6260
8677
30465
-28654
-14821
17860
4739
-9193
-8728
-9213
38814
-4681
-26813
-7974
47925
-47732
-29806
5418
-11295
32960
45472
-10189
-42292
-1633
-36334
-46962
10328
5546
45432
-47018
23424
-49243
1936
33288
36917
27237
-17774
-37844
34430
2786
-12376
-22610
27339
-6739
-13108
-26149
12490
-47814
27614
31805
34350
983
25889
24147
-2081
-25909
-3027
-3522
-18845
-33102
29263
29737
-4255
46757
-20161
-11460
-32433
21025
16727
-7638
-6751
12391
22873
-35005
-35945
-36038
16946
-5078
18251
-23585
26847
115
46087
26040
46025
7225
45397
-21662
11934
8880
-37099
26581
15265
19014
44083
-33315
-22159
-9231
8529
-31896
47953
-18568
2581
212
18710
-22457
17481
27003
-36906
-30478
-40667
-4637
3084
-49013
-21736
-21917
41132
22370
16023
-41145
-26677
1420
3322
35688
-9891
22525
-47205
-8945
-22059
5598
37529
-26487
-9763
46879
-9507
-24584
3319
-37751
31582
-9608
-29940
-26932
6339
26043
453
-47791
15148
-43802
-9284
38407
8717
-45454
-757
10775
34683
26778
49196
1503
44680
29088
35039
1188
-31587
-39435
-12020
34050
-38956
-37977
-3689
49797
-22309
22769
-47640
28493
25024
7394
-28920
11059
15090
-23327
22949
-26973
-33538
-778
36229
41972
-19013
32345
-34597
-29181
20480
-18075
23491
21253
36173
26461
34710
-29131
-43322
-37654
11651
-31812
-344
18976
-49239
-36835
38359
43346
-3565
15756
-38678
-20626
-14508
-25133
41018
-46598
-5771
20127
-35172
30874
-23532
32699
-45463
-47018
11160
-768
6515
-34105
-44715
21211
-2124
-41646
-14345
-21736
-25962
-690
-35113
-42021
30648
-11219
-32445
-31653
38346
-30116
-32570
-43809
-43179
3624
-33065
-22463
47663
-6427
36682
6189
28160
-43703
25881
28786
43451
-27767
-46131
6576
9072
13259
29694
-3712
19347
31512
-36747
-25642
30888
-1703
11264
-35721
29305
16642
-48070
4926
19014
31550
-36553
-48117
41077
-20480
39768
14707
-47814
36682
42583
21346
-8120
-14771
-12978
-3518
22081
25816
-29622
-45871
-45752
9785
-32777
-27840
20201
14870
-35500
-28810
-45570
-43640
-26019
4449
43635
24888
-12235
43379
8511
23673
-14100
17826
13267
28101
-46512
-47397
-30007
3460
-35096
24055
12547
-6348
-30769
4570
-17155
8214
16243
-18984
-34051
3856
27036
-27156
30777
4524
19950
19937
-30674
46136
45828
26797
24055
-19623
2788
34627
37961
-22771
-5941
38275
-8762
34818
48190
-45539
-36300
41325
41826
1549
-27994
47892
6317
35179
9775
-2881
-33664
-37170
-272
-12281
49600
26200
10224
-19921
-24164
24283
-37798
-34452
-28164
24261
-17959
1912
-3902
-15695
-25247
39133
-37187
-4705
-13108
4836
6169
9666
-23911
-40283
-28220
-34672
-2721
-20119
-42592
-49645
9319
35082
30980
10431
-44589
-23243
46947
-48886
-21503
-46678
27486
-16994
-3808
25016
27036
46087
-4161
41046
19771
-49222
45946
1394
-29181
-37646
-34520
2897
-20248
13770
-17536
-29190
-18912
22410
-23861
-18635
9066
-2124
1257
38103
-39338
-10650
-4290
-29181
-36751
-49757
-47693
-42352
-20321
-24537
34656
-37276
47760
-15936
-17080
8225
40488
12725
-9454
16613
429
-19734
-29333
-45463
33149
12962
35843
-46869
-36633
-18581
34334
-45410
-11618
24191
-39692
-39778
-41032
-7726
-17059
32538
-29782
35004
43799
8262
29155
44784
49446
-19018
-29133
29737
-35124
-49458
-15398
31731
-5605
10728
-33567
27695
40551
-47851
1361
41469
43855
11876
48170
-22265
-16276
10580
32279
38643
49544
-18845
3710
-41302
43134
31172
-14604
48207
21346
-3155
8830
-23390
-42776
-40303
-43898
-3714
-49830
28493
39007
45350
38199
19512
19109
38922
-16165
-42369
-40246
-6180
34782
10643
-6870
4591
-22444
-40876
25165
-1000
-8316
-47816
39140
-40340
3856
30445
-9723
28321
14190
-8113
-40425
15536
34111
-1939
-19961
38700
-4919
-31896
26797
14531
-8759
37857
28419
-42481
-33145
-10056
9594
18710
-21998
49975
42288
-48977
33598
-27839
5883
-6153
5360
-37110
-7439
-11317
-9896
21346
22372
-49953
-21194
-13842
45440
-22390
-1819
33066
-11703
-3639
38997
34627
-7006
10224
22752
-154
23235
41298
41636
6934
-29022
12755
-35096
-9050
-35756
-42253
12832
6361
19729
40271
-7616
-12937
8214
-25416
41691
-3311
-7128
-36821
-8472
10785
40977
-41439
19813
28444
42720
-33179
24345
20203
-11047
26992
14942
18345
45073
21373
2250
32279
-43099
-4592
-43622
36817
-39191
45517
31030
33224
47999
-37865
25529
44083
32799
-26323
-4432
-19661
-43522
-27303
35866
6608
-42875
34656
18710
-13222
10020
-45497
49325
-48024
-48618
4740
34370
-20412
-32398
-28550
5664
-30563
24888
-30132
-45917
-11906
-8945
37598
25062
19729
-20491
36173
-22897
39666
-7616
-49678
-37977
-43047
-6362
-37320
-23283
-21734
19978
-18286
-21154
-25195
-34668
-32900
48420
-21503
11533
-9459
13648
3085
4817
-2793
11021
-26043
-49436
-2885
22154
-43709
-4796
35486
-41232
-41124
-3155
-12585
-3808
2551
-11526
-31047
33765
40568
24524
17644
36171
-11257
-6601
18544
-26694
28604
3671
12994
-32608
-30269
32540
-28394
25043
27036
-49904
-49083
-21590
-12245
-31112
46076
-41668
21896
-48206
-28082
-38034
-16388
9980
-20442
-372
-31539
19770
-18479
3427
9380
-21549
16770
25647
-38828
45945
-33021
-34416
-33891
-27674
34101
-40475
-43370
40245
-21829
5980
8511
47925
-38958
31854
47663
-10286
-32151
33627
-4790
47180
-8402
-24366
11606
-39695
-45073
7324
16283
38081
-49225
12433
40913
-7128
-5005
15395
-2530
34476
-19420
-27829
10328
-45670
17656
-27118
1503
33224
-32059
35431
9613
-20281
6190
37108
5515
-22059
-33739
23811
22480
-17771
8180
-32936
-9179
-26047
21043
47875
-45178
38484
42972
-29131
32724
6317
-11303
-47627
-13469
-13716
33927
-24622
-39435
17159
-5941
6357
-33023
20423
-48024
32523
17389
5433
-36434
41039
2769
-22696
-47851
25965
-3561
29495
33787
38346
23114
18948
39148
-6706
16727
32987
37766
43289
-49663
-7397
-49867
38327
43635
7015
-34253
-41297
26830
41179
-1563
-30280
-46828
-17737
25314
12846
-14100
40567
21292
-13837
42600
31831
-34488
35708
44204
7102
-10292
-18148
8154
-38196
21074
31768
38314
34494
30787
-19039
-33487
4740
-23971
-2432
-2656
-32762
-29772
22843
-7993
40488
-19325
24424
49419
-16279
-4758
-21384
44288
35467
-18625
4489
-33315
-23471
-34672
15899
41520
-46191
8214
2491
-20174
-4278
14791
5435
39005
-27522
1671
-38330
-46417
-36955
26447
13141
-6622
32396
21373
27371
-16067
-47273
-2613
-7942
-20961
17608
45779
-11081
43616
-35328
-43179
31547
5928
-22158
23013
33912
-26442
39768
23811
-14584
45141
42451
49591
-36963
49481
-16276
9825
38896
-1842
-31222
-35085
-23785
13220
-33942
-17224
7561
-5036
35917
35512
39666
15624
-877
43235
-27238
38131
14287
-47615
-31781
28284
-40862
-5708
-29041
-15878
38717
-2208
-426
-43111
-11837
-16951
-37005
30819
-47068
45892
37849
-43593
-40366
17806
32283
-25537
9319
-36918
-32398
40170
-494
32925
33349
-34679
36202
-36584
23796
9656
-36730
48074
-40309
-30472
-23010
-49783
48498
31700
29422
19038
24345
-32859
-33422
-27810
-26475
41111
22341
24723
-18339
5285
31649
12845
-34364
-7824
-36123
10636
3058
-20792
-48822
49687
-41849
-23283
-24292
-23785
41547
3275
7508
834
-40246
14283
8484
48170
44571
-42837
29360
5515
27100
-17045
37433
-29689
12751
-25381
-36817
-29548
28835
35375
6231
-5810
-10948
962
-27699
33791
-27939
-5322
36709
13318
40632
49060
14867
8225
10414
16917
-9
46895
-31398
3790
24758
34350
10183
-37062
-22696
-31589
41593
-21417
-15936
-4209
18298
-29307
-9608
13903
36119
-39278
-12990
26790
30587
43451
-2990
3135
-24836
9690
5126
20689
11711
-42903
29876
-15036
33302
49378
-16753
6114
5928
-49139
7782
39768
3900
35781
27248
-7337
-27860
32946
-10567
-47691
46993
-48117
-8728
2007
-32476
-15628
-28163
-494
-12263
-32777
-47273
30915
18
25816
38417
3594
-8798
-42143
44839
2897
-32712
45233
-24878
-38548
-25609
36708
13931
-40876
-46930
22341
-25763
-1463
-28246
4214
40578
-21309
6880
-36040
-5113
-26872
38794
-38338
24947
-46682
40601
-36339
-24440
-39824
34560
12261
-23424
45795
-17321
48649
-24242
14816
-31491
-49830
-28654
-30892
39389
-12431
36333
47052
-39832
-735
43682
38506
22796
-5099
26831
9639
-45188
-13144
28268
5731
-10611
39551
-5339
48675
-29082
-48182
-14917
44568
6152
30815
43037
47147
35833
21592
18679
41290
-27681
23965
-37836
-4919
-46081
-27735
33988
-1889
41936
49222
32340
-18600
-19325
28595
21974
40848
-9824
-21182
29646
13648
-44398
12642
-49963
-29534
-13014
-41888
-19286
-28732
23134
-42401
-6047
-10937
-43709
3157
31721
-45892
-11430
10580
-42871
-17547
23854
-33458
20415
-19257
-38252
-33021
42838
-18269
-33422
30292
38514
-509
48190
-35333
18539
9345
1945
13497
-5820
-13195
-32712
-19039
-33168
-25474
-5093
-41763
19725
49744
-27637
11002
-43593
-39298
47219
-5608
-16124
-8366
-43058
22761
-41686
-23415
-30880
21625
-1583
35551
18251
-46417
25245
-3627
16613
-38700
-19571
-17605
14065
47241
-8783
-13930
-49900
-44941
35695
-35411
23883
-32095
-42099
-13968
27305
-38432
2840
-28164
-34193
-14796
-46191
-35096
-17249
340
48009
-29772
-3379
-17110
-16075
33214
-5861
-25179
-20927
-33681
-27107
-24093
29279
-36734
23673
-37038
8034
-48114
-24366
3033
-14271
-25298
21043
27279
-29036
-26320
-25133
8850
-33240
-46063
19102
-44392
-38953
-33351
-47582
-39338
31986
-39853
-47545
-29607
-46365
-2363
32422
10304
-32061
29320
-17110
25305
-26688
39973
-9231
12395
-1983
-42592
41883
2537
-47054
-38026
-27642
-46851
-42723
46857
35274
4449
27882
984
-6931
-10189
-13144
-48142
-9891
-18784
49164
19456
19816
-16908
-41668
43893
34627
3279
3661
23699
-48969
-42157
-22463
11303
21438
-10688
-31539
15639
-24708
23027
23671
-26012
-3379
-44810
-26648
40157
48160
35486
-8291
21438
-18148
-36651
-1090
-32954
17742
-34772
-46680
-14576
-43749
8046
-23790
35688
46662
-40883
49587
-47273
8717
14717
-16743
46481
-34270
12490
37058
38103
41679
9603
-8307
-26484
-9920
29575
43382
-42021
-21157
26089
17613
-35072
-2885
-11689
-2305
33349
8348
17512
153
7662
40868
18726
-44460
-20248
-36941
12395
-37129
821
-12103
-4770
7056
-39406
38388
-27230
27698
-17110
25135
-49637
-7831
-15826
3088
-18414
29495
-35821
-37377
34565
-12305
13115
-46224
49941
41883
-690
-35096
-27698
35252
21127
-8748
-1034
-1247
-21886
40475
3601
1233
-29534
915
-5987
24339
-17828
25899
32868
-18148
-22914
-41923
-9982
7455
-26478
-6278
28246
20171
-5959
29876
28638
40464
-22463
-12065
49527
-38588
12433
-2894
8645
-11313
49222
35853
40578
3319
-27704
41648
45843
45049
12820
48613
7236
10414
37231
-10057
-2163
38805
-36918
-42461
33302
-23271
43037
4579
-4697
30243
-48253
3033
45131
-15776
15950
10448
-30132
28560
22353
-4474
12177
-15878
-37836
2267
-43593
-33517
-46876
7834
-6180
41395
47221
-10551
23725
-20242
10304
38900
878
27786
27248
-47369
-1557
-44830
20121
23260
27292
-10964
33080
10931
34451
43960
48207
3367
41273
-3140
-41147
23491
-34355
-21564
14958
18113
26255
-10109
23491
-43179
-27735
-39692
-29464
-25387
-29513
-42869
-38860
21147
-46835
38953
-6278
-16592
-17484
-5446
-48289
9487
