28
762
500
963
281
915
177
934
347
991
336
165
823
781
756
431
933
231
112
693
196
380
678
36
907
140
266
514
36
15
635
352
565
749
1
754
847
520
135
405
831
413
664
831
878
113
660
419
229
347
712
813
678
286
431
381
150
537
444
214
396
732
289
699
658
632
108
416
497
63
12
337
12
855
751
25
730
974
778
657
703
325
88
930
813
1
283
684
450
9
539
237
370
588
127
700
325
49
98
955
874
230
970
485
579
654
922
134
127
917
248
879
720
930
836
623
874
9
580
298
938
251
228
816
291
989
399
444
850
222
61
354
928
865
284
968
405
655
393
612
107
976
895
331
75
302
162
220
486
807
331
754
835
670
361
814
217
740
656
518
65
463
222
49
537
180
75
32
900
100
185
612
946
574
313
396
241
744
356
780
529
559
177
303
685
2
576
202
883
761
406
736
136
820
556
366
665
389
104
221
998
143
709
623
909
291
802
761
624
840
189
276
603
968
335
408
135
257
178
141
547
10
668
643
184
976
118
844
38
329
757
968
608
553
865
880
961
52
304
370
416
385
612
780
610
667
743
365
375
523
753
990
192
720
994
53
317
121
702
808
179
152
214
776
448
765
668
852
759
902
911
629
259
99
952
729
286
980
488
174
87
278
152
482
255
535
235
82
777
894
626
502
543
344
997
398
626
19
996
379
551
177
532
103
707
850
866
259
497
763
683
47
376
71
390
98
249
923
371
691
751
665
245
661
732
832
110
564
287
630
866
766
965
680
124
326
468
667
623
418
867
774
263
808
52
580
69
48
179
672
767
68
320
690
217
70
97
497
400
177
917
699
637
939
401
302
929
267
24
966
152
125
169
683
715
899
328
938
939
748
765
677
658
718
801
879
311
97
255
526
947
754
808
508
492
110
31
892
130
593
47
416
850
989
630
892
365
699
867
396
896
881
127
892
52
267
913
646
124
537
591
333
715
918
610
599
13
686
961
163
682
740
714
925
11
763
706
1
872
778
384
262
699
528
996
639
856
921
202
722
340
410
91
847
26
256
677
465
112
803
603
537
259
72
16
54
867
804
231
232
251
243
169
56
59
914
825
171
445
81
453
815
770
920
170
681
309
654
563
721
132
679
480
339
786
996
229
37
556
976
