16314
1857
8492
9872
10130
11592
9384
16303
7868
5611
2954
4542
19743
10432
8284
12759
13609
10468
13862
1345
17910
10698
8531
1288
11650
7449
9846
14022
13240
5924
8676
8183
15680
393
6053
17528
9076
1075
7198
16580
16713
15244
16520
15145
5899
14454
12591
19757
16518
2294
5071
18000
14207
5443
705
8904
15322
15706
12717
6925
15794
6726
2675
6542
6092
9389
5147
859
16065
17441
3696
7477
2324
2124
1390
8953
1273
17672
1831
13955
5705
9670
17735
8192
13580
8582
19305
16728
3547
6034
18113
17481
11419
1604
15666
16613
14232
228
2932
4200
8163
19777
14419
4443
13824
10560
5978
9949
10440
8000
6631
2556
17246
9836
18555
18061
9493
6350
1485
4888
18001
2474
1682
7926
2376
18529
11162
16276
12658
6421
16325
7236
17775
8246
7455
944
18804
18242
9434
4305
13416
1045
10107
5030
411
4908
14759
10112
18695
1649
7856
104
18399
4094
6988
12010
7582
11786
8983
8993
17150
4040
1416
16391
15914
10804
1548
2028
12261
3689
17421
997
7792
14249
2611
10429
9186
16993
14269
17027
19761
5614
2276
8575
517
7629
11170
8085
13626
18104
18465
15888
2994
2721
14671
12012
19387
15956
12690
1295
12956
2686
8950
2680
4038
10351
1132
17981
13862
408
7480
3613
12571
7910
18609
12819
4260
6587
14539
7678
11101
429
12562
11702
19046
6673
2481
107
17984
4810
13683
14706
12459
243
17992
292
9315
17994
10169
16515
15825
12129
15876
2637
4510
4287
10559
2373
16271
18773
12437
11166
4108
3976
19870
3475
11771
16537
3523
4732
8944
18707
10391
6777
14953
7423
1294
6141
5763
11369
15470
14851
5204
13944
17408
6464
9381
15967
6409
15366
10051
7466
19268
16884
1728
7589
18313
13853
11916
8919
4337
6243
1897
16632
7601
6697
15891
2663
3761
17643
2906
18039
8963
14364
14823
9273
11783
18758
17152
17309
4777
884
2660
11761
14799
14527
13692
5884
17013
2270
18071
2941
7712
11971
5480
5373
8781
19629
12928
4132
16974
15424
1731
5051
5803
17386
1113
3463
7375
12249
5387
18111
10436
414
6335
14687
12335
14788
2402
17169
18525
16908
79
17544
13523
9958
2360
7698
7492
18226
10079
2472
7606
16185
16985
7053
10560
9559
2071
5677
5999
1909
3558
11384
7774
3913
1359
4586
17400
11513
11678
1408
8507
10161
19304
682
6987
6894
10792
6840
9340
10068
3133
2522
10735
15081
2940
6540
5251
16516
6305
15562
19576
17823
17000
17821
3841
2916
15606
1946
10352
7764
18033
1130
3692
6165
11578
9249
2712
140
7686
8234
6134
452
12119
7477
15886
12567
10445
10492
16026
4996
5281
6095
5428
5258
17581
5462
3632
2365
4051
13879
13315
15700
4832
9052
3190
11837
13164
13997
1028
15260
5110
14772
19284
9058
17098
16140
9534
3857
9509
6804
16289
10614
17410
16611
13436
9274
10440
5297
10092
13588
6521
18918
14155
7285
8695
15827
4262
2800
419
15184
120
3258
7545
15937
7179
1966
5099
18506
7730
19006
19062
1224
8476
16988
12534
4832
2130
5795
13066
11043
465
15737
6924
2259
3733
16750
8051
11418
17299
18960
17343
1147
434
9470
1292
5602
16192
14731
5254
18263
4443
6369
19428
7162
3568
19458
21
9824
10194
15915
19422
15608
19145
15553
16892
9543
1224
4924
17755
1742
3234
1903
5805
13505
2833
4235
19754
4731
15669
3349
8161
8017
5159
7970
14801
7792
2068
13251
5495
16561
2302
16932
10784
19203
2012
13539
7046
4179
12722
11197
7917
5856
14260
1935
11862
5565
9306
1109
4988
5829
11130
4781
13438
12188
16946
3865
18417
3349
17578
18010
9106
19834
2171
16628
17246
15634
17259
17440
10357
1885
4827
19690
19822
13279
3145
11059
10649
14266
18921
18900
12793
5106
6864
17134
17407
9542
12001
18711
13903
11472
10060
5276
8332
6967
10957
13992
1080
9497
8752
6234
12379
3923
17678
727
1952
10066
8395
19427
14293
4023
728
13317
17430
7410
573
7364
17171
11615
15329
10387
15212
10694
12717
1776
17460
19123
3901
11420
5889
4639
9700
6294
6662
15763
10922
17524
18232
11948
9307
1839
7351
7483
3949
19344
17835
18123
7411
4783
4562
16668
15425
8496
11703
14162
351
3879
16451
3946
14372
15403
15300
17353
16043
2172
13665
8003
18846
16429
7413
8268
5094
5653
15555
18158
3827
8098
9056
17554
18127
15928
13673
8503
9573
3150
11807
8564
8522
16095
4720
14267
9995
9448
9769
9810
15041
13386
4114
10187
5909
16198
17482
13740
3345
10815
13869
7658
6816
8800
17801
6406
11465
18332
18250
3889
11389
12598
9038
10951
16994
13258
14009
3756
2339
3707
17789
16441
10748
16108
7904
12496
10149
9784
4287
12311
37
4376
12704
9175
1690
5974
15750
650
10937
6658
7542
13828
17092
12169
16307
1050
5298
1140
10297
5829
17669
14787
5218
2350
12362
9554
10255
17525
6980
18266
9309
17814
2701
12730
17829
13242
10763
6626
1073
3648
12509
15695
7144
18289
1689
5
6692
18383
2282
9726
11993
6703
15088
9182
16942
18773
2827
15482
1639
13014
9083
6255
6506
14390
1042
13769
18181
17969
18049
1897
5936
3568
17950
6753
18292
14037
17248
13067
17653
7956
7793
14648
15852
1146
7043
3049
9757
17494
2084
2412
15702
4399
14359
11488
5498
3229
17899
19835
7354
13593
8560
16645
19890
8045
10880
8847
4977
9749
12867
2014
9371
4598
9657
19494
14333
867
16950
17390
1683
15386
10570
10609
16111
7554
11283
768
9434
10585
14582
6958
8126
213
15570
11444
18491
2084
6698
9451
14623
16293
14663
5300
2967
7919
7362
17301
2715
3566
14324
15748
9139
2015
15598
11317
6512
8280
6146
4203
3591
1359
16542
10570
4515
8061
3132
12505
19582
18343
1101
9774
16877
192
17747
6264
9494
13111
14399
10873
13554
13298
13934
19348
5978
2993
14615
3396
15040
1978
791
17845
16599
9086
7256
6220
16104
13011
2167
5051
8162
10664
13239
6791
13360
9417
1023
5337
18810
11070
8069
15090
2955
2811
16583
1408
87
11801
2650
11123
7363
18013
17088
5379
13151
4029
7865
12637
9628
8456
16204
5639
3508
11755
5948
3904
4004
18277
11910
7005
15658
19490
2051
1401
15204
14114
9809
19444
4941
11200
14583
15852
8092
17355
137
540
9607
7199
3710
10078
5910
3448
688
15880
1048
13372
19320
7061
9238
2583
18011
13484
4052
7398
8486
18138
8202
5887
3270
10300
10783
18989
7499
5465
4572
12844
8945
11392
14927
14258
10467
3835
1249
5435
17533
15108
4711
6549
19299
6699
11553
11085
8691
3614
9138
15515
12557
4801
4160
7329
15096
16259
6635
11591
15802
6652
9311
17872
14065
1227
16552
19190
14647
16094
13890
5900
19719
7521
17579
2255
5777
5138
9360
5893
3609
13606
2522
10060
15076
7565
7265
12687
4714
13120
19131
5809
7714
1164
9657
18451
9630
12617
2637
18122
10331
18867
81
16754
2895
13142
17406
9311
2630
16717
18641
477
9110
9188
3746
14446
11125
7469
11486
17374
4830
3952
9860
11489
6323
4881
16107
17797
17187
8851
18200
17781
12325
1422
13146
17865
4956
6340
6332
6563
342
15445
16435
475
1561
11357
2425
1316
18760
2903
8408
6528
12991
11245
10818
2364
18928
12914
17863
10465
3204
13661
17639
11014
4810
3642
7298
3003
878
2267
8263
10249
5430
6415
3879
13110
7521
1770
9629
8648
11991
6827
5225
4417
9971
2419
7358
11631
8129
4164
8058
11817
13218
15238
18074
9281
12014
16997
9324
7941
6261
11611
8678
12825
2454
13698
4919
10454
10108
9409
17592
12099
8681
16247
5560
14232
14916
19886
2050
4966
7091
15263
7243
6009
15557
6498
17265
16794
19521
2446
3974
7263
15373
11497
4149
12879
13105
7908
14869
1284
19867
2289
18927
19345
11707
18462
3802
19478
15551
11389
10140
7228
687
13989
3469
13414
3003
19907
2100
7793
18905
18753
2379
16128
17637
7495
15034
16496
6578
7426
515
5766
4915
1199
16237
2721
18108
3416
3028
1160
5609
15922
17994
16344
15655
13834
3716
11709
4776
17248
892
13684
17582
4952
11072
3547
7868
7
3041
9707
7017
17241
3142
5655
4839
16430
11988
4891
17392
1027
2324
2182
13767
3017
4153
3207
16646
14207
6770
19959
14411
13954
11120
16887
7138
13209
1993
9108
10833
15592
13998
4458
11499
15291
13881
16555
9480
1675
1841
13839
12970
9499
13110
8855
6728
10403
6176
12579
17450
6655
4644
10749
288
19683
17890
17898
975
2752
7200
16835
6483
2672
19340
2568
16870
13606
188
16462
2783
12960
12377
15762
8625
1690
19446
359
15578
16350
12170
19001
2966
3921
14423
16329
1766
5241
18107
9046
6324
13168
14573
8391
8762
9363
2053
15269
19162
6959
17710
7389
16383
7578
13300
5485
7106
11422
2488
10451
8631
7027
17341
5743
15335
12952
8375
19470
16957
1630
5113
18130
14551
2892
15141
4973
1723
4390
13100
11762
17019
1177
3040
14569
8266
12137
14779
15543
15033
11696
17131
1250
15207
13663
14951
13902
5952
11503
8865
8595
11245
4703
14147
11069
7881
11909
357
3909
3604
8351
12328
17179
8446
19983
4914
11286
15268
19598
3390
4850
19393
14149
14322
7948
6183
15023
3340
6340
18551
12045
2300
19672
1531
9880
8296
17513
10584
8901
15124
9354
17943
17025
17023
9858
6700
8705
15555
525
13466
8517
11405
7317
17813
3222
16105
1772
10335
4264
13506
8659
3038
10027
10950
5205
17887
15279
12176
19030
11169
10282
13860
2548
16762
12984
6741
10810
2598
17248
10189
15329
18569
9198
5449
3628
18355
4647
15025
10042
14369
16230
15564
10440
3752
5605
14831
18943
2241
3135
19171
5670
14444
9837
8926
17201
8731
9247
6064
8396
17738
13034
15669
11874
5223
14881
6433
10159
11808
11466
2165
2143
18000
3261
11929
11204
8202
7659
18382
9002
11368
16541
17460
19956
14314
17447
5470
5469
1454
3288
18210
9594
1336
15253
8584
1239
7071
5245
8109
17215
16845
14631
11867
2866
6538
11429
14231
8665
6120
1026
16170
7447
5901
14487
12383
9270
2615
9911
4535
9814
1824
18983
10965
14123
21
19074
1165
9792
14975
2611
4852
3109
9457
18057
8926
16527
5453
8086
11074
694
12342
18602
11619
13160
12622
11188
15824
10512
11754
11423
8444
14965
18173
9189
368
6200
7901
17073
9765
8551
16006
9439
18802
5778
7311
10043
8347
7441
18609
2941
15416
17794
773
18178
8598
7603
16866
4737
917
13430
14908
13800
13719
7281
5896
9803
16461
2233
14994
16771
17302
2929
2348
12908
15497
4084
9414
13517
3751
8342
17452
6600
15870
7987
13183
15168
9865
502
13087
3135
19634
1108
4678
8426
2919
375
17667
15778
1177
9231
7705
18208
16963
4540
9210
14352
7829
13832
12751
18281
6286
12846
11801
5448
11742
5278
3225
17264
2759
1522
9637
2445
3670
11896
16967
8976
16320
1218
6129
14774
2107
6065
16648
11731
2213
12369
7520
909
4378
9372
16012
2345
19098
1272
579
7075
17595
818
18073
6018
1470
14942
11702
19522
9489
14967
5114
5851
18432
11483
9103
2212
14318
9276
15759
10952
18809
7024
9714
12308
12245
4773
10568
11143
1570
7135
8247
11015
8008
3268
3504
3138
7584
3122
14357
12761
5371
10868
10804
4481
11266
12178
13431
1438
2156
7912
3339
13598
12099
1267
8272
352
18091
14974
12369
14831
16769
12151
19132
19008
12595
8008
11467
14766
295
18380
6849
6377
17771
4939
4696
16090
6532
13784
12384
12206
11139
9067
19801
7806
19679
7742
16317
10992
14698
9043
1095
7563
16899
6013
13342
3651
13281
19669
70
17646
4884
1075
15966
19909
6577
14704
12058
4656
7416
16607
13464
159
8825
2176
3249
2191
13920
5040
953
3967
18829
15720
15360
18682
18878
17488
10845
12456
15956
13232
11184
10939
17786
15601
4760
10989
3800
14993
5289
16061
3665
1504
12871
3596
9599
14012
9409
1364
18077
19649
2786
19900
5629
10070
13878
14122
10989
12350
4820
7511
5125
18722
7389
15355
9928
6434
13153
2560
1162
5257
13997
7544
3920
14909
13432
9472
5629
19635
7901
9337
19187
632
13039
15987
8166
11099
135
8407
5563
8782
11377
12305
8077
2421
13453
18676
10754
10785
6979
6177
12896
17412
18403
3457
10328
6322
233
7423
1736
19929
1562
19129
5574
17858
7884
6328
17619
18979
9669
19199
2721
18322
8559
14165
15143
14476
14342
4489
19501
6989
10966
13877
8746
10003
14129
12072
684
4933
4568
6112
19242
19200
2101
527
14221
12216
13447
8798
8608
15774
7791
6284
8383
14559
3487
15168
492
1254
11605
6554
19978
10739
1188
6122
16014
2881
7232
5893
2564
3855
5597
13761
5044
6007
17036
11995
5566
7316
8027
17325
16195
7068
13246
11039
10994
14272
12144
6316
15647
19970
7308
11246
3881
14514
4255
17275
11806
12039
15763
9919
3221
10418
15460
1765
6294
3578
4737
18421
14321
13922
17801
10968
2896
2990
8215
2401
18682
2228
14984
1232
8
9104
3548
7695
11450
16915
4191
6141
13300
4220
19517
17538
18391
2001
9002
5565
589
102
11770
11495
7726
1310
15909
4291
14550
7060
3994
7422
19254
3549
9271
3385
15848
1084
15116
3930
16569
16693
928
4029
6431
18584
3220
8208
8627
14107
16974
8609
9710
8598
416
18723
4675
11051
17071
5576
40
10595
12243
11140
12393
4605
3420
13584
18270
12803
12139
5863
19465
8269
14417
3016
11293
10964
14074
14803
19962
7797
14864
11790
4763
10028
2599
6876
4337
6713
13537
16327
1918
12874
7058
5139
1890
2779
8820
17935
17868
3287
7644
14073
15628
635
3721
4545
10077
15458
1717
7913
3893
15540
2121
557
7946
14399
4735
4335
12849
5228
404
5532
17052
4825
7202
18507
2882
17284
13657
10434
19080
2259
15096
14437
5430
6730
13224
10274
17882
4496
13286
10537
6535
11282
12140
16756
9832
3616
3103
4784
7168
13899
19451
11372
13802
506
12515
18249
4268
12221
17579
1643
19481
1004
10117
952
19949
13387
2048
8406
16814
4186
3229
17
16360
16874
17516
3278
13006
15120
7327
18790
18292
15249
12355
11533
13579
10064
5344
11325
1266
18622
11912
8174
18606
19734
7791
9801
5446
13526
10862
5062
17078
10195
12054
1118
8022
946
10168
8026
17372
18313
11032
8766
1376
6470
17270
14047
13815
18438
4096
1021
6701
11549
8949
8251
9748
15764
12358
4110
6097
14060
312
13207
3403
18906
10857
19425
639
1048
5684
15067
17995
9714
7790
7719
2401
4663
11993
7759
11204
8889
7980
18019
15802
9535
7813
5002
10276
6874
8677
12749
517
8112
16371
12773
17433
10140
3755
5142
9378
10022
16396
17926
1243
9854
18358
18578
13793
8738
12267
11270
10453
4801
7706
1700
2810
3664
3229
13004
10069
18281
656
11604
11127
16766
19099
9090
19294
10014
16097
18698
18404
17980
998
15188
3738
16128
17043
7032
18390
7102
13863
10477
15369
11458
9427
9215
16697
6191
8059
4364
12284
18461
19660
1501
3756
4110
3174
6626
4374
13579
6757
10135
9937
3351
3635
11051
3454
2226
381
3152
15418
1999
3644
16648
1351
4316
17716
7881
12079
17018
5668
11119
16368
4917
1223
1886
2887
5169
3125
1035
4122
12474
2830
11311
15970
17502
581
2308
1837
13520
3913
9624
7910
2458
18494
6172
12253
11067
16659
7124
8944
11214
11943
9228
16209
18048
7033
17595
4055
12735
4203
1646
11059
284
1781
2643
13033
16368
7402
3352
5739
15962
3342
15409
14191
19302
17371
1600
7640
5077
3056
8877
6821
11860
4329
16834
10799
2186
15802
3441
3206
6083
15876
10964
16016
9089
2909
2949
15490
13871
13712
11442
12704
7089
7890
15242
17448
9514
8874
4633
1337
2885
17739
10623
3674
6749
18469
12061
5931
18252
2219
16467
17775
6025
15070
11807
15196
17556
9071
1487
13937
2346
4582
14121
7856
2603
11862
7662
6832
16493
150
2184
2686
17936
15925
7626
14078
4239
5701
213
2244
6968
642
9382
12961
4395
3073
13496
3856
14326
12861
3374
10092
18324
15152
12762
17214
1695
12260
12700
6357
5849
3388
1575
12663
14275
1843
18099
4460
16319
17391
7429
6626
3678
279
641
5877
15019
12927
19529
18496
1913
6129
10284
4992
13817
15258
16496
5696
13357
14121
4001
6382
16327
12618
5733
19899
15708
9303
1385
2209
10566
12942
12722
15590
2413
13495
8493
4621
12178
13858
475
15965
15905
876
18091
6493
1920
12119
4054
19215
11174
14433
6010
13906
11874
897
9292
19778
19796
11427
19074
5206
11350
11834
19541
14330
1863
7200
18899
14205
15432
4869
2172
14893
13654
400
17246
17002
2517
3047
18032
12017
15248
6860
11201
3387
12965
11914
13195
10078
12182
417
13257
1116
5081
19058
1616
5692
18517
17087
13278
18701
10155
4629
16350
7874
9279
16964
17783
17697
7711
13128
18119
19620
18506
15327
13414
16653
2142
18155
3763
2776
7038
11608
12559
11960
6482
13829
14480
11479
1720
11860
19106
13048
6207
2311
16285
3455
7143
15601
16295
1948
10162
2173
15693
3152
9118
14022
11494
6898
6754
18343
3340
9589
1698
13482
8403
1535
6093
9637
2049
13184
750
10603
8574
9026
12322
17798
16168
15504
12674
17519
3438
12152
2182
8425
4590
5457
18584
6527
819
2047
11058
17322
4657
19566
13293
4751
10083
3242
3667
13474
17083
16844
6911
19850
18776
12944
14800
9014
2434
342
5758
2732
16206
16798
1846
19479
18858
6277
5398
5213
4118
3224
110
9337
15471
15279
6762
9726
16974
6666
15875
11536
7725
18066
17914
5858
15113
10586
877
5249
16463
18438
19148
19957
9237
8880
12665
1261
16950
10499
15946
15928
5301
5412
13546
948
15142
9289
11781
3584
2647
18392
11966
7923
18691
14536
827
16848
326
19747
9209
8926
2899
16953
762
8077
10327
10711
5417
14963
12905
2393
4549
18830
11553
10391
18846
891
2234
6121
13133
4880
9941
13897
2424
9074
6751
9732
1426
15052
574
16199
13270
3363
6706
8628
12003
11768
7314
90
2509
12055
18830
17778
12039
12464
12279
19824
10376
12943
4327
11434
12801
13091
8233
15469
3052
15037
13663
16644
13425
17959
8188
14921
18763
9716
6130
486
10740
6651
17121
17448
11414
19299
2598
17324
6287
9119
14531
16517
17413
13672
5783
17738
6788
332
4460
19139
19724
10297
5735
11201
19720
2457
16592
15025
11894
7122
11599
7115
3382
18613
4098
3880
8867
5940
13471
15725
14350
351
2207
7858
11263
111
11550
3460
16492
1183
12224
8950
10623
6860
7484
1589
1722
3789
14712
6122
1664
13044
10989
668
18799
12637
9509
13977
3848
5778
6318
16104
7593
13784
2752
3622
12921
253
15077
13410
1712
4357
11108
5844
9135
7646
17051
1861
710
13845
13550
4736
12267
657
6261
1335
16225
1974
5447
4419
15441
12435
18606
14143
3296
11101
447
18749
13659
17597
2281
8511
7454
14054
3507
16222
19373
4947
8806
19191
3170
15023
2523
9919
8211
13617
18493
17619
17786
14498
17846
19422
4624
7454
12910
18461
7452
10399
7468
1517
5895
11589
8589
14106
6211
16723
2981
15879
6199
4602
11533
2816
7121
6498
776
10408
7478
693
9925
168
16326
707
14671
5021
12700
5696
16304
15862
14810
19455
17427
17714
3412
14911
18955
17526
14041
6479
13206
19768
8891
19074
13067
1737
638
15045
12091
13033
14881
15995
15685
10266
5808
3749
12721
213
10864
2544
5267
10769
7295
14668
5657
11235
1595
17712
14030
9110
15197
10305
1250
16115
11371
18032
8168
1319
15211
16209
14026
19122
11888
19809
10474
12912
2887
11120
98
12817
19215
461
16450
1306
18640
17820
11969
9656
18046
3809
12387
12468
18501
8568
12477
201
7106
148
12097
442
9245
15167
19609
6460
3073
11214
4940
17649
17993
3519
7559
18382
18956
16057
18848
3968
13303
3377
8115
17244
8343
2809
1714
6439
18170
19417
19775
13791
16455
16243
15383
13685
3576
4856
11215
4651
1842
10256
12893
8825
18884
6107
15528
2482
2261
891
45
2585
2611
18745
17984
10911
2942
14956
8115
17026
18701
9526
2638
11909
9716
11609
11200
7921
18913
19678
13916
9134
19715
2945
10272
808
6503
3114
12817
451
7109
714
9752
1028
10315
13026
8124
12557
9489
17310
11569
12058
857
19749
19256
16554
8793
5812
19070
19069
11479
5726
18208
9344
14125
672
11106
5443
1264
3810
14340
1275
5684
14085
11278
17401
11293
11792
1269
1559
19094
8257
11276
14056
6856
13005
19501
18517
2223
18611
19133
14289
1577
2476
16043
19629
18457
19630
9073
17541
5749
11822
3085
1989
10057
9974
2590
1414
8613
16248
5058
4401
11085
12604
17161
680
17678
12219
1194
12313
11155
18226
16572
4065
1121
12767
17259
13304
5005
10558
2967
16721
17837
965
16486
6233
12191
19302
19157
6884
3739
19465
14789
8561
1727
2967
6412
4133
2665
14320
8000
17137
6646
5974
6871
3075
2324
9683
5493
8417
4757
2319
4955
5974
5103
11040
19867
18177
12267
11661
11255
4058
13341
11090
6499
17646
9371
4521
15134
12540
1983
470
1665
17877
5557
17102
16107
5823
9434
8346
13183
4875
6252
5315
10688
7896
6828
18388
9141
10889
5428
8013
9201
13979
4846
8851
15853
13591
7675
12504
10936
10278
16524
286
8941
18305
3195
4918
13
13864
15212
13857
17353
18908
1550
15122
8089
17638
17306
3595
8038
10809
3769
1375
16148
19118
17840
10881
9424
13191
7039
3558
13716
3831
9919
17157
11828
10211
11471
341
4226
10116
5858
16981
17300
1213
12773
10336
16216
19134
13394
3667
14070
784
855
10686
578
19602
19357
1753
18971
2721
16429
3170
8401
1000
6397
19894
17371
5750
14548
15512
13058
9626
10674
8003
15114
17290
5005
8572
1508
16548
12861
10351
301
10243
19152
18536
466
7771
8575
18015
17830
15869
1101
13884
12812
8709
19265
1074
10019
1615
9263
9009
2795
9214
3757
6565
160
9427
5937
12588
1281
9748
4682
10101
14825
8781
7459
17226
18180
9628
11833
12872
6476
9752
10978
4465
8503
18756
2155
5832
10461
7736
18921
8924
4255
5893
10952
15293
10219
18050
1587
18661
1814
11915
8056
17110
14013
13062
8913
8405
7045
14344
18844
14186
2240
13211
5690
8052
19808
2436
15735
10721
1877
6493
15978
5779
938
3135
16522
10692
17907
16506
822
4057
14167
19408
15705
7994
8595
4038
1059
12352
2469
8608
18206
10600
18960
17311
7448
15105
731
17209
17207
14502
13706
16453
9870
19206
7435
6678
6104
656
1418
9325
2128
12641
3061
8618
4597
563
2202
17488
14713
13633
12969
13402
11281
6876
10036
11952
8527
1511
16203
7875
18344
12093
7955
7937
14013
1371
16515
1253
6561
16419
13610
14939
5058
9867
5289
14044
4018
8080
1997
4889
19472
519
17812
9196
17167
15566
8326
17755
433
8104
2964
7248
19389
7920
7141
1795
2811
18263
13403
14040
18783
2924
5721
11886
17773
3574
8106
6461
15204
7888
5886
5526
2407
18715
17073
18698
9126
10995
9453
19218
12043
11806
13031
16947
1233
9817
17306
4122
12689
3639
12549
14950
5872
11835
17078
3294
19536
319
18445
3320
2137
17297
16388
8197
9284
5784
10927
17271
15175
1062
5790
11829
15061
15100
12687
13870
14743
10551
16022
15224
3420
10065
102
19510
6792
19884
19437
2054
17235
11638
19785
4107
6979
18981
5477
2859
12816
19111
8002
8579
19108
17806
18234
7639
493
10666
10962
9843
6325
168
8552
10399
6277
2345
16262
1664
11587
10634
17597
3243
12760
12474
6010
2046
14640
11574
4032
1856
9605
1215
9872
14061
19520
7850
17363
18918
5792
6963
2890
6698
19329
9526
7695
1133
16590
8044
6698
11226
1315
47
9501
15174
2352
10095
865
11789
19155
7730
18893
3427
6157
6071
12089
12502
13371
18239
324
1014
5569
5625
16094
18902
4021
14923
10012
4013
54
11696
15889
19208
4115
9039
5429
4626
6044
4622
18515
18311
13031
8408
4062
16570
5382
4272
9774
12673
12687
8326
16344
15338
19126
19795
5980
8256
1338
13914
11625
12104
1369
6877
8239
18816
11148
19094
7966
19934
2919
19293
7645
14871
10195
8723
7162
2031
10385
8465
3102
18878
1695
19108
14906
8771
2863
14546
8647
12313
2128
918
393
7877
14869
18856
19337
10203
18940
1776
15940
50
14404
15429
19466
6295
10398
15919
12104
13881
11541
10698
16318
11626
925
12727
7396
7013
7920
11802
3145
6920
11214
3534
13830
8869
13371
13345
6006
5021
19264
9232
5015
1461
10569
1987
18513
11045
17976
7880
19079
6203
19085
15934
12546
8128
19969
17079
17582
13322
19154
15841
16331
428
6923
13244
5183
19773
1802
4801
13424
9854
6457
2730
13548
19293
5217
11871
8382
18886
13845
9924
9706
2423
12829
16446
2121
13054
6185
17783
1468
12247
19334
8923
15560
17902
18530
5791
8323
59
6259
15682
5897
6093
11520
9087
1772
18068
13224
10793
12028
14262
18291
1864
18494
6379
15326
18281
12871
18089
11014
17319
9034
15918
13363
562
12389
10107
10956
10323
5944
14452
14011
8345
7031
18971
1330
19243
4436
7646
12569
14920
93
9093
12619
13629
491
1466
12445
13999
5729
5588
8149
10495
15385
14037
3907
6182
8508
18632
4554
4867
15271
13557
7619
16861
13275
9957
14900
17542
18828
1929
4492
12115
17903
536
19800
18061
7288
16365
5061
13109
5345
13345
13424
2974
7601
10543
13188
14016
8580
4500
6273
4671
16322
5536
1027
4567
9960
18302
9622
19310
16006
687
4511
11963
16382
14062
1938
17143
15107
5775
18426
835
15294
128
653
6128
11264
1159
16962
6783
18104
10114
3588
990
17678
4857
15948
19467
11725
8014
4550
19156
17652
16194
11573
9110
10610
7381
16730
537
1251
1834
5475
9705
7740
18471
19955
7280
4487
5289
15674
19275
4633
6734
13892
15541
9666
12102
18165
2295
5440
19862
6754
12419
3071
11968
12921
15946
10520
18923
19713
19604
18787
5409
18820
15375
7194
19267
9222
6759
13663
102
17037
9995
9626
13991
15925
16439
8145
12895
3079
5514
15465
10871
19582
11453
15650
2204
9149
19067
6904
19991
3459
7579
15496
9380
13894
5268
2589
12603
10866
2666
7745
9709
10401
11491
7771
19315
10491
18014
12607
18916
19137
7016
4491
896
146
19174
9728
2563
10109
15366
15723
2489
12815
17278
6943
14316
19470
8635
18298
13447
3020
4506
7321
647
17936
5769
7970
3248
1902
15945
3114
1871
13591
12723
3625
15658
5632
12023
14875
9320
2797
18813
14931
12365
13759
18033
17908
1567
18570
18142
17580
11282
16780
15291
17100
9645
9397
10744
10757
16424
9281
13202
1267
13662
16123
2848
18060
1743
4742
9712
17224
148
7273
6872
12118
5576
13415
19150
13103
1545
3680
5954
4972
18963
5836
8670
9072
12282
614
18130
11498
7874
6242
5399
3092
14645
13779
13973
17138
15219
15143
13100
7739
14286
9423
12735
3167
4878
17804
17444
19035
19437
18235
1617
14184
14481
5492
3502
1401
14207
7895
2918
773
12657
19405
16967
2137
13711
3777
4048
2791
11211
15005
17806
15192
2012
19702
11792
2493
15036
7678
8488
11052
11232
18589
12109
19821
9641
7655
4480
12872
14272
11777
176
816
19026
3520
18792
18299
14936
6584
16001
6483
2992
14408
13153
10206
3773
12082
7539
176
18870
7963
17844
5920
11015
2237
3698
12534
3963
4452
7127
17924
4067
2844
12155
4000
19806
7190
8447
7910
12709
7901
17358
6608
10982
18010
1714
13991
18623
3558
11176
946
11703
3518
18047
9307
17552
19330
342
6218
8308
11919
17803
19290
14502
5116
6061
14294
10201
6240
2168
8513
2400
14007
3337
8197
526
10404
15201
11989
274
9002
8869
12887
11793
285
10441
15724
11390
16634
5398
17625
19899
9999
6312
5339
7772
16095
18009
18989
4207
6938
16340
17983
13883
855
2111
5148
14435
11974
8933
15568
5235
9663
15775
2091
952
18907
988
2605
3029
17833
1197
5693
2945
10825
14265
7072
1223
1580
3563
8256
7939
17595
19431
15260
15199
16540
14579
12989
6095
11282
16719
5263
11944
3922
11576
12910
16273
2726
7839
16851
2623
12929
2934
6628
7583
3315
2217
18527
13785
13289
18548
11891
16967
3871
2948
8499
5225
5743
6033
7718
8631
12815
13316
8236
16853
4779
13791
16243
12056
3093
14674
12166
6939
11462
7070
19749
2648
3992
19474
3003
2277
13043
6451
10061
13377
15056
1539
15871
18546
15201
15677
4696
13615
6668
19358
6258
2238
13435
7746
3398
10780
16264
12231
11172
15503
12486
3586
14703
11615
15157
19586
1925
7172
8724
11988
19174
6834
9401
16995
5554
6257
417
18809
18209
8645
19218
12537
2016
15362
7823
19179
12094
6326
2475
18135
11399
16333
2482
17315
3809
11348
16189
6739
6186
10299
5015
11530
729
1549
2753
5768
5571
8949
11331
19937
3147
1642
7774
4642
5656
11143
1064
14533
7791
1120
7608
6228
1683
7781
16937
1362
9618
18127
19392
3714
8075
15092
17697
4290
5287
5936
11367
9084
1784
5644
13069
16487
18628
19927
17522
9683
18926
4114
3850
14907
5351
7852
11170
14189
3729
3790
16037
13434
8638
19290
17682
8699
3141
12596
8892
10635
1480
9474
19550
19666
16772
10045
11069
19629
1442
4984
10127
19951
19532
5195
4975
17701
8094
19697
10685
1420
2028
10411
12984
8361
19236
2433
161
11605
9289
3121
3807
4248
18082
16102
2015
2079
14808
14506
1751
17466
14495
10207
3596
9046
14875
13370
7566
9860
7945
2306
5488
6515
7921
862
6161
19701
14675
6102
286
547
4786
16721
195
1137
18038
6867
9757
18644
16681
5445
8884
1507
226
4082
16118
2824
15262
11423
7571
1893
13237
18414
7951
6772
9947
9515
18309
19037
8561
8813
912
6514
9662
3165
6808
8658
15829
8075
12719
11045
9605
19540
5479
2416
13886
9419
3992
1450
10322
3496
3847
13499
5281
19085
1035
10382
18350
19568
11324
11820
2056
2914
4245
266
14998
4838
2215
11391
16520
8708
3905
3383
17241
14194
10367
7004
10750
3164
17351
386
11064
18764
16662
2765
3895
16530
7389
12708
4090
17867
17037
19885
2749
2655
9147
507
11492
1190
18508
12915
204
7444
13368
16067
19391
2877
19264
3729
6293
6093
11285
7336
4869
14879
6772
8280
12731
3571
9624
19076
3779
13134
9791
15104
5307
19922
2886
12222
10024
18923
19765
4707
3253
7635
9824
17048
11059
8851
2306
19168
3361
4110
10648
18141
15361
5467
3658
17629
10197
15988
6253
19876
15030
5452
1909
245
8630
8563
16863
2460
1506
17840
4087
16563
18816
5262
4654
12841
4257
6598
18677
14033
6156
5604
11011
3768
6252
15618
6680
10856
12507
9926
9833
19102
1082
6079
5819
4543
951
10948
909
13944
4612
6534
2457
2363
7201
2779
19978
14104
971
12628
13045
18367
10183
9093
11806
10067
8756
134
9221
17218
7196
2735
5635
4914
17602
10573
18333
12639
4264
8282
18745
2303
16905
16548
7334
2487
18577
1555
1942
14837
19889
19145
1423
130
18257
8240
11219
16865
18390
6952
4715
8
18756
11672
14568
14188
15706
8413
7451
7474
19764
5472
16597
6259
13850
19467
7793
16167
15300
752
103
15098
18403
12985
885
17815
13230
9958
2253
12625
964
7441
10807
18758
10904
5783
7663
11639
13311
6676
6197
3952
11869
19186
14286
8360
18134
6580
13648
17970
7851
9390
12046
1461
3509
6377
18444
855
18825
2970
15949
17406
5138
17486
263
278
10696
12061
19944
7026
4749
10213
8223
1210
5783
1794
11515
2499
16873
1204
2016
9805
17319
13076
16909
19956
10509
17088
5087
10687
12333
17403
16261
18596
17269
19835
1032
2211
15436
10685
5589
6173
6402
13083
13256
11281
13919
12579
17393
7114
15297
12823
1825
7356
14306
11848
19536
15733
18097
9371
4845
2697
19252
5876
14412
8772
5624
11061
5118
5415
10414
3240
3500
5705
12921
15445
9444
15335
2027
3558
19264
16210
3180
12867
772
17932
16701
17555
13276
16228
953
9142
11844
8072
12869
10737
16955
445
19950
7739
6606
926
11477
277
5468
11861
488
1440
12461
6579
16716
11803
9910
18112
11581
8187
14338
8616
2581
12632
5187
16936
15908
15116
10616
2143
6816
2530
9975
11901
11466
14429
4380
10603
16384
17006
15505
972
15254
14858
8445
3550
149
4314
14804
3816
18774
9260
17248
5091
6080
11212
436
18925
1538
6222
12588
18799
4341
8734
7255
3772
10247
2650
168
11337
16886
9826
11761
17850
5267
11689
1893
10069
4817
10165
12892
5133
12104
11979
8759
1516
12511
10604
14714
2780
16157
16743
9133
19618
3917
19879
7668
5940
14815
15777
15106
5258
7806
8457
19612
17145
365
19432
3292
16613
8591
1614
10495
5785
1083
2392
15546
7240
3360
18196
3809
3255
1589
18034
7516
7767
13348
10801
6262
13117
5294
15946
16780
19128
12732
6854
13503
3366
8662
9166
6570
10400
7033
3260
11543
12773
7715
15770
3550
15596
16422
1805
4524
15503
15062
8700
4144
14544
11232
4136
736
13573
3893
3811
2720
13848
15687
17394
14815
15920
3800
4673
5522
2782
13644
6051
14022
8918
602
15837
12278
19262
19935
7223
11469
8935
10980
15463
14552
7165
12816
19235
13663
5781
4584
4413
10257
9308
7357
5152
16441
14882
5974
18142
4928
497
14589
17545
17890
2856
18598
4201
13964
8994
12869
18472
7259
3668
1864
13526
19942
12725
13487
17151
19823
6157
15518
10761
4153
13182
16535
12351
7497
741
15793
5743
6529
10108
18253
12931
2007
18919
5169
9944
1341
16875
19209
14978
10623
19476
7089
6591
2230
7517
1509
2066
3682
14443
356
6615
5170
16105
7920
16006
13695
14882
613
17241
13056
15281
7507
2289
10479
12689
14347
11492
2334
18842
4302
10685
17928
17609
5681
8429
3876
10760
18127
18789
13741
6624
3356
18004
19765
8738
3060
7509
19935
5086
17047
9047
8626
2388
5501
11693
18300
18199
1235
7593
15139
12731
7238
17023
561
8935
11278
15893
12106
11337
9522
6719
4999
6233
1623
10862
15601
2398
6901
541
325
7629
4657
1583
15669
18932
17241
14406
13320
6991
6161
11609
7424
4584
19404
14732
8803
10852
18823
13742
16891
16144
14550
875
11351
19099
17734
12537
3030
5414
2354
186
11705
5444
4048
13907
6944
10054
10876
4112
16200
2930
2617
3892
9737
757
12925
15692
18485
7719
11369
15781
2294
13510
3586
18372
8160
9824
15970
18117
3703
14088
15317
17756
10527
6245
15099
4734
989
167
8582
1063
2122
7558
4482
5420
1266
13890
6276
14377
17217
9018
15052
19874
15671
1019
6233
11987
15797
16290
2489
8104
3855
8343
17998
7376
13962
12033
368
3770
7038
19586
12305
11290
1227
7388
16260
11562
14671
18801
5970
10610
18251
15896
4664
4117
1286
5607
12937
18109
12040
16185
6288
16502
13954
8135
7550
2107
18753
7080
944
14316
10034
19124
17804
15917
2862
2750
9526
11230
5044
10453
8223
2691
7015
13676
16624
7170
14576
10870
617
6935
17790
2569
8240
10267
15837
4292
18897
16694
7114
15226
13382
10309
11264
6839
8954
14295
2682
7556
6503
19977
540
19515
7706
15941
12464
13484
18734
19479
4941
2806
19105
18834
2654
19137
17804
13556
18265
18328
1103
7056
1388
16414
14970
18443
18054
5843
1109
10316
16341
8565
10589
7463
1452
13364
10401
14711
5694
12929
14986
18650
3297
2769
1612
7058
11522
7889
13723
17916
4075
7719
12780
3298
12679
2815
12115
16044
16015
4008
4717
16664
170
12753
12243
7094
6383
2343
11481
10537
15700
14128
242
8038
11987
19609
4215
12784
8212
14423
5474
1394
1640
891
10020
17419
11321
19037
1202
14781
3435
10866
13148
5053
7406
8777
5927
11790
8897
4534
4211
10965
1368
1528
9220
5112
19454
3419
14991
5211
15239
17424
18695
10766
7929
5904
17473
13531
17490
12978
10495
9092
14369
8480
11512
11584
15526
4003
14937
5030
13809
15055
6958
15556
10341
6050
14040
3308
19332
10227
11425
9118
13453
12974
5493
13452
13816
13712
14002
5072
17203
8686
8353
5589
18481
1289
13043
1938
2962
7416
12714
13152
15532
1528
5333
19471
8504
2109
2251
4408
2512
2154
7444
10560
17811
18938
12546
5628
11267
5383
7109
170
5938
13978
712
19237
1908
12238
17249
15792
14854
6038
1004
18540
12704
10231
11139
13206
6063
8153
3403
12634
15133
12885
6691
14888
15073
11376
5124
12073
1474
8489
416
5022
18388
8023
10757
11262
4868
16606
11498
2097
12598
13387
9359
10519
6926
16385
6723
7855
18349
826
9950
8225
3942
18337
5422
7021
12764
14849
19922
2225
4856
3619
1713
12609
5846
3666
18909
2043
1055
17237
15673
5359
15967
1179
18420
19938
1892
9219
2024
8856
3236
6487
3888
1444
16537
5726
19578
10953
17731
655
4857
11795
11276
1369
19945
2526
3815
16647
18073
5748
10961
17466
17191
4087
6226
8469
5834
9401
13547
6033
19083
9847
180
17931
6685
15579
11796
16790
9708
13569
18301
9231
18684
19846
8002
13007
8932
11734
12122
13666
12000
703
10075
2386
868
3051
12852
3776
16696
7197
9608
3104
5143
1178
9984
7918
10852
18051
13404
11491
6705
16676
18835
14314
4504
9371
1707
15735
8990
13649
11435
2478
4063
11771
2783
14979
17357
19760
19190
9500
9725
14060
18059
15583
8337
6738
14150
5090
18907
5377
1244
5843
9780
11276
8914
2306
3096
19976
15430
8809
4273
18421
6094
6453
16059
6420
11144
19301
17476
9619
2744
11652
5900
5416
6315
16291
17864
7991
16989
3892
1923
8557
6425
4074
3955
17250
58
4410
124
15650
17509
13230
13904
3035
18497
18358
5646
7654
1708
19836
7907
10703
1311
9832
5914
8510
19076
17343
15727
19669
10127
446
12389
8233
3630
4161
13886
6047
17828
10905
19353
1270
16499
18947
121
5981
14666
17853
10437
4749
1783
14800
14833
6680
10958
172
3172
1184
15830
7856
12201
1649
10061
7835
17963
17166
6352
4607
12356
12879
717
4349
19456
3167
17037
1028
6854
18664
18549
6899
1024
13938
15054
6390
17189
1667
10590
1900
191
15268
11158
12441
13615
7354
13986
13231
4124
3521
1499
7402
16875
7065
17213
4638
5042
4606
6561
1291
5602
17262
9289
4776
11670
19699
7409
15249
8582
8378
6567
16864
12127
9834
5707
12691
11817
1419
13541
19294
19003
3524
9694
1475
947
12639
2754
14312
10258
3260
4270
6587
14547
6455
312
17456
5554
14972
9294
15984
8826
9711
6738
2403
19317
2901
2027
9452
14168
13881
12987
11536
5081
3899
15222
13359
14751
179
18950
13650
10452
5644
10663
17936
11120
19515
5487
14252
7208
16354
8289
13545
1353
8003
685
12309
11053
19160
18739
5285
6241
10549
14275
18909
15861
600
9347
8073
6104
15072
15514
1628
10500
6370
7555
17081
11653
3337
11976
16765
17164
12828
1019
11681
12010
18768
18345
4226
5291
14119
3967
1542
11703
17091
17588
2432
707
6562
2510
1321
10078
8778
16516
304
5326
8468
8370
8001
10645
10851
15286
18464
2790
2538
5548
11787
10921
5921
17662
4113
14738
1157
11941
9473
10304
56
11560
3951
6445
3423
7854
10123
5822
10639
2409
17594
3990
14676
18175
4807
11971
5305
19705
2189
3635
2344
9770
19161
2658
10464
889
15080
8863
3978
1690
14441
13808
16750
7198
16011
7128
19453
546
17594
19989
2692
12296
8616
19805
569
15029
10505
1764
18839
17394
16491
7575
11053
5685
958
13313
6834
15804
1247
5099
2269
6368
15669
11057
6158
14569
9836
9808
13516
1501
3052
16606
10910
6067
15418
19169
705
6661
17262
17355
11156
9497
7857
11739
6720
11445
17716
259
2416
12502
9044
15209
12458
4115
16293
8169
9468
4693
11297
7173
19062
7937
10379
17109
14583
13682
5284
13605
4821
9029
8571
5544
9396
12062
11762
1142
6598
2105
10143
17511
1176
7154
18679
1611
1684
863
2024
16562
15752
7821
3240
6186
16221
11141
3789
3267
5226
17427
2556
18195
3704
12748
18817
4405
12966
4003
17545
19020
14994
13553
4886
10697
18123
14414
723
8099
14065
7744
17036
2288
1366
11519
9630
6952
5976
2363
1832
11020
11276
15141
15671
19389
11269
1659
5760
9009
16783
13691
16241
1049
13785
6
11449
2014
15834
2703
11063
3335
12982
2249
13331
5238
17303
6169
6040
7313
14484
17698
10584
11321
11573
13605
1084
9197
15552
6187
422
17873
13288
1970
11190
8169
71
12352
9881
12454
33
11203
4080
4911
5933
6014
9650
19657
5417
13616
14036
13554
247
11113
5365
6748
7715
9828
9315
15684
18460
6794
11948
7434
1099
5318
16474
14321
11354
6504
10902
16082
13109
14604
15958
18974
19992
10483
2564
16326
4638
11671
3938
5061
12717
10555
14425
19225
3894
7352
10688
14981
5724
5297
5763
14922
2167
14675
15329
4582
13757
15405
648
19804
1855
6751
10330
13517
17038
17152
193
1163
15796
11274
13270
16116
14516
150
17345
17641
13815
16896
11423
6518
5610
15250
4910
8504
2759
579
11232
11551
17756
11042
8874
11818
12839
18952
982
11332
11908
10530
5298
1677
4654
17183
3865
10350
1243
16518
19232
17316
6140
9411
16329
16688
13736
202
3397
18910
9856
5745
14112
97
18258
3200
12806
5838
8174
2067
7151
12530
18741
13913
4561
12651
14570
16467
19503
8757
788
9126
3736
3477
1871
7867
3905
2929
17659
19977
19918
6007
13443
8833
13071
4929
2942
8968
13421
9891
2012
11454
2546
7743
14651
15827
16757
7612
17378
12572
172
18050
5390
14748
19813
6582
1272
13493
1883
9043
16549
17928
12539
10193
6263
10023
15251
15033
18782
13383
5317
1919
2280
11613
12085
18837
16430
4136
16845
6718
12587
12057
11984
1546
8035
9046
9362
16796
15839
18430
10314
7093
6794
7983
13767
8485
17127
10594
19433
13744
12262
8485
16220
11996
15213
5722
6467
10318
14588
1845
12780
17363
19192
9988
16523
9633
11614
1238
8606
37
818
14141
236
6442
5502
17045
6595
19529
11230
17122
5514
3608
8493
704
11843
16222
15121
18704
9323
3368
6598
9825
3662
16063
2712
12860
19216
17645
8593
19716
2126
10359
11463
2110
5487
18319
13018
5903
16802
17409
7562
3032
754
17930
1988
3581
12444
10315
3865
4458
4267
11618
17187
9927
325
4344
4568
1484
7600
7415
14173
13089
16060
3920
5278
18252
11417
15771
252
14441
14461
17199
9499
6558
19110
1213
12512
18815
904
14875
3794
9399
3482
12082
15035
12204
5213
13594
10056
12145
5057
1852
7176
11887
2644
7219
12839
12706
7774
5771
3239
11547
3477
2375
7628
17074
7069
12166
1542
4708
12222
350
1150
13261
18270
2471
3437
16364
2919
10090
14531
17741
12395
3754
4416
5699
3921
2811
13309
14344
1284
9037
12246
336
19576
15017
14448
19897
1785
2535
5589
8813
2756
14697
16002
6214
7035
19305
447
1442
14859
17192
19980
11295
1537
6337
730
224
15007
8548
8055
4510
12409
3808
3242
1903
1959
5815
19524
5345
9583
19791
4521
12094
9851
10755
4713
3222
11372
9315
19911
13804
6682
6140
78
5322
13487
3890
5313
10498
14210
19144
4561
1643
29
5530
19044
16463
16733
19931
16515
13462
14706
11268
5446
8331
5053
8082
8930
12679
14474
4990
10960
2081
6720
2518
4597
12846
2253
6475
18094
5068
13988
19225
9495
6150
6180
2285
7432
7115
5062
18570
6552
3753
11768
13453
10557
10907
5918
19914
6081
4343
16611
5205
6593
698
10261
10292
6148
7819
7903
15512
12146
1478
18773
2811
11292
5895
11525
15108
16388
14825
17670
9490
15533
8798
12025
9641
3904
1763
15249
222
11267
11530
3195
15886
9428
16226
14866
10210
19351
1560
3793
12376
236
1675
9253
157
3688
5288
1167
17400
18101
163
17420
4235
7787
10831
8493
17616
7742
9047
993
15117
10921
1595
15536
10888
19638
13364
8417
6049
15419
16564
6770
5067
5358
12561
9942
19271
825
19857
10149
4847
17002
5213
17230
5073
2607
16028
5147
828
12941
11784
18684
3337
19648
11694
11387
19072
10310
10650
12328
10092
16082
17076
16686
18928
4393
12629
6034
11422
11237
13121
11095
8536
14789
2244
12961
6120
2299
11005
1613
9587
18975
11941
2235
8754
1923
10775
10216
8242
1639
17865
4398
18506
883
18330
3746
25
12923
10666
3537
12615
18568
12569
18719
11672
9209
501
9609
7730
14885
19836
4008
7824
3108
977
18557
2499
10033
13025
6223
7615
4599
18303
16831
8001
19973
4339
18240
7976
12908
12593
2798
15998
12179
7397
14420
9487
11124
14886
4511
9174
12421
18420
10501
8562
10934
9682
19522
4795
5598
5206
4032
5841
13731
4507
18008
14169
12059
1544
10185
12480
18710
2427
14015
7134
10104
11518
837
19660
7133
17636
16940
4870
17061
14227
12761
9324
7155
18118
554
5369
2733
17778
15202
6804
8103
2989
14286
12419
178
14846
1060
15934
1865
12127
13597
7403
19373
14485
19280
13890
2506
13928
5750
2458
14506
9558
7262
1139
13870
18364
9625
5632
6568
18893
15365
9952
7538
8304
15550
12355
16176
19502
14973
18996
18314
6880
6077
18974
13544
14342
12283
6130
13804
495
1061
16754
16516
4020
11433
11299
16014
16065
11136
3541
340
1888
9098
9157
1893
7411
17985
7844
13318
10533
19332
14292
1309
13089
15089
6118
1430
7904
2092
1977
2564
17138
16340
1443
11546
4628
9693
16912
10209
6844
7847
16127
11935
14901
7745
19457
10739
18996
11355
525
4762
19023
8286
3822
18815
8726
15044
144
19195
2407
1956
5484
19956
3303
7608
5615
15475
15120
13279
10164
13838
13563
3858
4708
13128
19890
9574
3090
7121
9258
18634
14886
650
13617
19789
14787
1463
8719
15423
3494
9559
5907
10824
6370
15330
7551
5556
1137
3551
17757
12017
7437
12675
16400
5655
17750
12102
10942
10072
16478
12464
19840
11179
19140
3411
1224
18997
3974
12188
369
4260
1568
10513
19041
10560
6704
13672
38
11241
6634
15498
2563
8873
10904
516
3776
11107
544
5576
699
18671
7549
7896
8873
1115
10174
7826
1888
18641
18509
17439
2777
18834
4724
4985
14500
9382
2575
16191
13789
9561
18755
13631
11846
4380
6309
10445
16089
15787
5328
5525
1210
4333
7830
15414
12380
13363
14572
4928
5686
14703
7220
14680
10685
16866
2885
25
11713
4250
12708
10584
3358
6287
3604
16177
16290
7954
889
169
14419
3881
12334
17284
8037
1934
16184
14709
7766
3868
8879
5796
9954
14965
1455
10960
10000
1823
14423
6171
7455
10235
17959
17505
4805
9810
6478
11833
2204
14984
7758
6909
15865
9501
8480
10188
10564
15179
7052
3680
15617
1572
1522
6384
9560
805
6506
18543
8747
4614
18684
14025
12699
15753
17468
3898
16436
18496
9253
8225
9574
16971
15292
3299
15915
8012
18478
7819
2753
15465
3397
18702
7690
4252
13226
12999
19291
10075
10166
1611
10754
1477
13811
13049
19974
6088
5975
7130
12633
14808
16544
18789
17951
18192
14017
13112
19502
15140
10048
17699
9828
8289
9323
3461
11160
3527
1162
3939
15458
16050
2428
8982
1940
10288
9985
8874
1632
11467
5741
18323
492
16066
13617
1516
2364
554
19506
15655
8063
19462
9471
3416
16714
2523
17101
12666
10833
4469
17449
18698
6794
533
4858
19969
9062
14090
1058
10511
18062
3435
19628
18531
15725
16832
5417
5069
8094
10110
6627
5139
11173
4733
12013
4391
1372
2378
13116
13312
4069
3369
18330
16435
4025
11995
8309
367
4166
7917
3928
11204
11962
8103
16730
6646
9047
7942
19876
8832
18298
10461
1098
4869
4463
2228
10912
9120
10634
14018
16177
7739
1323
17292
11806
6852
1352
8918
4405
14370
16604
14887
19864
17126
9751
8451
17103
11735
15168
4345
11584
17255
13568
19124
14176
13072
1833
16290
12250
9899
14034
12046
8574
385
1464
5625
11070
18549
2199
17134
13046
19726
2563
9697
18713
11784
800
8374
17277
15808
10977
14459
6934
3252
8441
2567
3629
6889
13947
15780
176
11004
1427
9608
9778
14032
7849
9571
14084
15707
999
12360
9091
3660
1394
16258
192
8256
18960
16047
1776
12032
4555
5251
99
1790
15747
5226
6040
9778
2337
18727
3150
6590
6275
6331
3641
17206
8891
286
10252
4005
2323
9826
10678
7451
19170
3755
2923
17138
17802
18015
14115
297
283
14994
8993
10487
14825
12347
7207
19155
16410
16716
5681
5875
8624
6789
1318
17702
13772
3466
16044
10278
18848
1901
19055
4333
5238
18894
1595
7199
1216
15396
1288
4393
10687
19695
4865
17585
6811
13719
3855
8463
14309
2760
19776
14957
4283
16042
14879
354
327
224
19768
12177
16957
19995
9768
12185
11100
5566
9796
18917
7729
5963
522
8605
12590
16178
15701
1792
7647
12245
13714
18446
4610
12736
12158
19006
4172
6469
12270
6063
2170
4436
10437
10529
19862
11397
12555
16750
7930
18621
19195
12797
15065
19358
9251
5630
14856
18831
8691
8468
4039
7258
13573
4917
9807
10309
14005
18277
3997
5772
13223
15834
1084
15620
16530
6835
4528
2426
9516
4235
7716
7125
14129
5144
19702
3048
17920
1103
1476
13007
10050
19754
15358
19863
4925
586
12709
557
8518
5248
12299
11419
17555
4280
3513
18001
3993
6286
9209
1380
19930
2927
5085
17901
6642
6093
11264
7575
9555
16377
4194
6209
12125
5141
9527
4047
12460
19554
15643
18857
7166
4555
7534
851
8249
16075
6418
8203
6178
18243
6562
16035
546
17756
19406
10036
2065
18931
16300
18442
17296
16124
12528
5645
13004
15694
10452
4677
3242
2778
509
14655
2461
11247
5854
13519
8968
862
14174
2203
19948
18875
13527
9629
4292
4147
11953
12296
1698
6530
17651
386
19744
8774
6410
16925
9012
11078
17941
10243
18711
15173
19589
19449
19690
11832
7646
17683
18420
18014
15836
19882
11672
15370
17828
3717
9608
1732
15135
6087
1442
5242
16283
11064
1174
15131
9023
9886
1024
10968
17873
713
12251
16776
13387
5555
16949
11317
14774
5670
6073
15003
6538
6799
13471
528
19934
4383
4082
5301
7801
15432
3420
5906
3844
17431
17770
7787
19467
7609
15706
8232
4836
10869
9852
14514
6113
8340
10301
8450
14795
8273
8817
13545
5158
13534
407
5564
8067
5060
13834
19728
17758
19692
9163
18205
1250
17418
7457
1505
1501
13590
8263
9875
16327
12883
15029
12895
15136
8949
16215
1817
2797
438
6929
11425
16103
14329
722
13580
2526
17345
5172
5957
96
7888
8396
15221
1629
16061
869
572
1079
55
17287
3298
9911
18479
11983
2498
138
6678
17065
17982
13016
10178
7916
16959
452
3307
15235
7126
2769
11714
18894
1249
6063
12201
15000
1334
797
3386
8986
15060
15114
11617
9337
16485
8361
1077
17124
9443
12384
9773
12888
7668
18359
12625
2720
3237
18128
5846
7742
16423
14092
9597
9958
211
6460
12811
18574
16206
7226
14416
18857
233
11842
15694
10223
11739
5711
14726
613
10327
11381
748
16201
10901
4561
388
11868
15012
3554
13728
16342
19643
3229
11513
10816
12141
18672
19848
11392
8296
3662
17851
3915
19436
8565
2648
3192
12026
11021
1998
379
7388
889
16565
3351
14303
8128
7261
10904
4337
6148
11323
17086
12054
17104
7041
7032
3268
3342
12101
2740
4432
4114
3301
15453
17610
12031
10634
8967
9849
16400
3515
1298
161
14382
6892
3511
18108
8187
2844
14735
9881
19460
7590
6482
7970
2847
12429
7608
6327
7496
5363
5847
9679
11477
11782
8721
10064
5927
7850
2412
14143
12479
17747
5534
13253
18558
16195
10375
14564
9023
19738
12285
18819
4125
3993
1191
13640
6835
17712
654
6814
1424
12680
3967
11489
16689
8887
8101
6723
4352
11808
19270
1202
1216
17046
3188
2671
14517
9323
8698
14007
19324
13725
6225
13717
6341
18502
3499
8067
19877
6328
8643
11722
13037
2458
6251
18246
12347
16348
11023
15018
4186
14990
15417
2880
18203
4202
13348
5176
1096
1680
11190
18214
1376
1377
12749
13755
7398
15236
416
17567
17855
11710
9011
8025
2895
9213
7635
16694
5808
18047
2749
14873
12415
3416
18239
4981
3350
384
9017
12364
14571
6721
18484
5540
14901
10646
8470
3011
490
5323
12111
6497
10005
7130
4605
8510
12602
141
4681
9157
19086
1621
11182
11582
7492
12619
17448
6485
18989
6138
15794
10574
5665
18314
5357
3322
13659
10958
9689
4108
18573
4431
7060
11431
15754
11217
16130
11475
8260
17673
9264
5540
13843
1431
2281
14629
6676
16536
12133
19245
8160
8150
15185
18606
8040
8371
7195
5914
17991
7289
11329
3786
19800
2281
14749
10757
14602
16246
8550
1602
4959
5533
9250
15877
364
6097
10634
9530
10213
4830
15189
5711
7776
17013
7833
15385
8968
4200
11429
1291
880
4782
6451
14108
15762
7306
14809
4650
17092
10804
16677
17777
2210
19742
2149
12046
2656
18423
1665
11506
13556
4159
11931
668
18596
4596
8293
1314
7385
7300
6404
1968
16111
9141
18520
17373
4235
2755
13991
17365
12930
7278
12392
19284
18919
10605
7542
8718
12403
1941
4892
3206
4647
14794
11217
8215
10111
7548
12819
14437
2324
5716
19316
10673
15854
14740
10153
4610
12955
1301
7236
949
10475
5773
3379
10726
11833
11890
18650
10669
5200
15738
13950
9400
9982
13233
4597
4060
16593
14520
5599
10574
19771
2956
19266
3402
12396
3648
2543
19071
3782
6970
7889
9485
16940
9777
5264
3254
10709
7705
3701
6261
1530
19
9452
12371
14721
8115
4137
12486
5460
7192
15952
5178
4495
11512
6569
12849
7223
17992
17542
12026
9945
11486
15846
2428
2290
305
16310
18644
7998
10146
270
14176
1057
14802
937
11731
19796
6239
15181
9954
6338
2205
2203
19910
19803
16775
2317
18742
8388
11459
4265
5588
5466
10252
5865
4640
10763
8705
18593
13797
8057
7697
14568
4553
8577
17575
8307
12611
13062
7770
1627
18509
13176
13071
7257
16363
13035
18632
9061
15192
2132
286
3466
16063
19991
7332
6899
8588
14044
14120
12750
14987
12166
3669
9585
3110
1503
5869
1599
13419
1009
4637
11548
4516
16043
11680
13940
4219
13854
3459
3529
7006
10731
12093
3367
12022
12712
19326
8516
2987
14112
13433
2034
2265
14864
8945
11257
8901
11809
9810
9201
17858
8148
6057
11978
2345
16243
15948
9239
16552
10582
17904
14842
205
19753
7303
182
5201
1424
15166
14214
15914
14651
19983
5064
11088
18146
19146
18644
1990
18496
19880
11348
19591
2580
3150
4042
16461
14673
17070
9049
3687
11132
17941
17580
204
18438
15569
357
5856
951
9926
10057
18215
19339
3743
10975
4846
14917
2000
6701
9609
13757
17171
17932
4254
5113
12998
10596
2306
17898
8796
7713
12138
1984
15584
1369
12417
9493
3501
17236
13015
16708
19429
2260
19328
8415
7175
15040
18446
16476
11927
18478
8406
18350
11183
12896
6913
3073
505
5732
18653
258
11452
15546
4162
716
13211
4288
19494
3048
7683
4581
10472
3519
2706
13643
7501
8295
13584
15929
11302
3093
14090
14787
7237
5825
13206
18844
4081
9164
12772
11169
13911
16777
44
17779
9307
16864
5284
2808
16875
8988
12805
401
8154
17508
10649
16524
375
3578
17312
5238
19793
667
15658
9170
15755
63
11824
2
1915
2207
255
1428
534
10071
3740
10470
16580
2987
11768
7599
115
4484
6131
13811
3629
12510
3284
7264
19967
11818
263
696
4541
11508
7273
2397
12815
4471
9420
15674
9246
14987
7628
5621
4667
17000
3831
6053
11692
11235
9992
13809
8466
19884
19125
16031
17949
1326
11175
6234
11100
8910
10263
8839
19972
18120
2019
1517
2710
17581
5663
16921
4753
19877
1146
16515
8040
15497
9978
11739
12855
9107
1006
19273
7157
4680
1305
573
16498
12518
11616
12526
7024
15191
7822
12120
747
16237
18432
4050
5818
2353
4805
4748
9701
5674
18808
8745
6581
11905
8773
2430
13732
711
15682
17192
10032
15188
18456
1409
2124
14123
11758
2015
6725
14960
12666
5475
1497
5728
12034
1868
13528
15713
13321
2542
3057
8090
5233
3548
15661
7718
14710
18798
815
5154
7103
10579
883
16890
14839
11359
3542
1861
3719
173
15309
63
2773
9663
357
16921
3978
16378
6533
11057
9022
10036
17299
4558
8032
13671
7209
18624
15505
7560
6928
13524
13706
18363
15155
5687
3879
6673
9867
16320
15601
9262
7097
11769
112
8650
8884
4520
5155
16218
5087
12759
8730
7398
4281
631
11978
4536
5980
17058
19840
2049
11494
11969
12838
5320
12117
14827
4895
8472
14251
13618
17304
10274
16653
7469
17848
9925
14738
5159
4327
1372
8789
5698
16412
7008
14867
2741
9815
979
5915
11168
9179
11149
4600
19255
9920
15436
10758
18711
4204
672
4944
11951
1481
17204
2816
13863
7343
12976
1786
4607
13008
19530
5517
11936
1646
13316
16843
9482
6745
8943
4909
1119
17411
3116
4729
706
2135
11158
1022
17492
13302
642
10324
2645
15185
12226
12427
2187
441
14532
16789
389
11029
3270
5790
14188
8809
4224
2493
2329
19501
11735
7333
18736
17387
10082
12632
15309
4645
188
17455
13148
4484
17380
337
3262
11532
2929
10148
4503
3891
8131
3808
11243
17068
4314
13942
12611
14569
12866
15191
16933
6300
11492
15993
3735
9110
544
16816
5378
11329
17125
10811
13819
6360
2430
12915
9042
13341
4568
7986
247
5705
1202
16956
6874
17803
9384
12195
15299
11975
18592
18005
3588
1097
19047
9039
10198
16118
7106
4884
6291
13193
10614
12529
18581
7089
15214
16815
2298
19606
7734
5749
5911
17740
3666
7039
15551
19979
14432
17431
13127
2839
6572
1311
9560
17961
13889
9113
14510
17367
7634
12657
841
14095
3271
3344
5082
11330
9344
1491
3489
8809
6382
5619
1877
7429
7145
381
7150
5216
18399
2649
1387
2901
3508
9048
8549
8751
7634
3614
1757
18328
13437
12248
17780
1350
16370
7855
7875
815
12041
6180
18956
1495
18726
6059
11375
15448
14369
11530
16849
12574
13311
8309
17546
9113
8902
16333
14817
11635
16847
4127
3302
4494
19823
8928
4690
5420
3957
11162
16825
5823
12751
8375
12391
3261
19546
19368
3506
10760
11534
7409
19393
12099
9783
5274
5051
1760
19614
16739
1630
12169
9862
12847
5169
278
13983
17694
13273
16544
10951
19414
13876
13363
4871
1224
8095
91
8909
11380
713
14403
9554
10195
10950
4817
16061
733
7079
10755
14835
19618
6430
17287
8348
3311
8343
8261
10837
10705
7943
13815
2749
15505
11928
11871
10502
8252
9759
6413
19761
7607
11078
11670
9558
19324
10487
10888
14519
4684
17375
14716
5383
16347
16968
2581
18781
10180
17829
7668
14441
7755
9639
1656
8533
16623
324
4940
2434
12440
8229
15999
17844
15922
960
3325
18049
3801
5943
4232
8338
4268
16171
111
12388
7648
606
14555
10427
11270
18016
12438
2498
1186
17322
4926
6358
9007
11129
14659
13254
6177
11701
13060
3278
12332
660
14922
17319
12322
13761
17351
9006
17905
3933
10370
5440
574
6341
7489
10705
1451
2404
13383
4086
12053
10325
1699
2695
11473
235
4460
11417
19672
15935
19994
8569
9444
8388
12089
6838
7553
19090
13385
9875
90
10474
8157
1888
5820
16939
18808
19593
9052
11694
2005
4615
18683
12474
11305
4023
16143
9269
14164
12662
7450
3817
6106
11387
10075
7263
4184
1402
12592
10665
14525
5415
19074
2652
9104
18709
11626
2010
9354
2725
17988
14477
3253
3240
14416
16326
6220
16724
8232
7182
6333
9417
18154
67
7352
1707
12543
9567
9798
14641
11321
17098
3824
17822
12127
2560
289
2711
2855
3977
11136
6319
16494
5991
7140
16199
16999
14789
10234
14908
2465
3669
3514
16297
18332
13256
11922
1644
12871
18909
17567
6203
2995
1965
11043
5965
17786
4306
1957
5072
6942
13232
4834
14917
547
17699
7245
14668
3804
1074
18423
15790
19125
13303
15273
1822
5685
8855
3772
12764
11001
3001
12926
17099
3794
2356
18048
9905
5693
10262
14732
3206
18855
1793
1984
19943
8767
11868
11896
14702
4853
7060
10316
11970
15421
8687
16889
14160
5275
2660
11973
942
16733
3030
18116
10041
9548
4919
12363
19816
15197
14868
15490
2096
10879
2576
1775
13100
18176
4898
14586
4500
16825
12803
13076
18933
585
963
4750
15149
15206
11427
2145
14843
17615
13654
5065
9705
3356
12834
12046
10197
7981
18938
10494
2948
12421
7937
14590
8544
397
17710
4731
18899
19711
15755
695
4874
4248
6532
18538
2193
2170
4645
13690
15059
7868
18841
13833
10054
3622
8974
9751
19781
10967
11515
17201
18235
2872
15879
9115
3740
5624
12841
10740
9135
1378
850
3200
588
4436
16271
9100
11492
17490
13501
15012
11441
4866
19073
16479
3635
13643
16923
11475
12649
12483
13263
5387
14064
4218
4497
6201
12437
135
13718
11661
13654
15812
10303
9058
3479
12193
7604
15159
4310
7150
18177
15554
3418
14877
16458
16761
11769
1881
17422
4962
901
3853
7407
13844
12005
15664
5113
7331
10171
530
19621
10848
9628
10567
15584
18357
16022
14526
9338
8518
6342
18208
12356
17875
1600
4312
17372
8335
9057
5831
620
2042
10604
19860
17064
12579
3117
2415
5718
11880
12635
1521
12555
2317
2147
11454
18824
17395
17024
13976
2442
7350
7313
19191
4740
15536
2084
15354
2728
18524
5403
8099
9635
3710
15466
1079
16294
5444
9652
18976
4876
2823
9934
11469
1097
10164
5138
17741
5361
8912
13521
17539
1258
790
16493
989
5999
2032
17193
5806
12972
9825
19560
2780
19935
4004
18640
2741
7546
12087
12793
16908
19283
5341
11653
6344
18223
7577
8202
8427
871
19622
19294
1467
16823
12642
13570
16586
11990
5534
9934
3595
11738
9790
6083
4514
16184
13810
9172
18554
19728
10909
12929
7092
4611
4908
10618
19640
12754
15070
6935
12102
3744
8799
11229
13074
15761
4607
6469
19250
9799
8531
9755
12402
15998
15851
19954
