-9444
4994
-348
9246
-4426
7793
-6502
8442
-3100
9777
-3284
-6719
6225
5479
4862
-1758
8415
-5374
-7819
3382
-6073
-2511
3057
-9224
7670
-7168
-4748
-28
-9224
-9774
2369
-3007
1104
4726
-9983
4831
6646
96
-7301
-2076
6346
-1967
2839
6346
7213
-7805
2787
-1921
-5449
-3100
3964
6097
3057
-4302
-1758
-2503
-6960
451
-1441
-5676
-2194
4392
-4250
3590
2748
2344
-7847
-1953
-557
-8846
-9823
-3268
-9823
6827
4808
-9518
4275
9519
5352
2700
3687
-3501
-8275
8148
6097
-9983
-4402
3134
-1306
-9865
523
-5265
-2727
1576
-7510
3602
-3501
-9046
-8013
9056
7155
-5440
9444
-762
1428
2656
7850
-7308
-7510
7810
-5092
7216
4033
8148
6384
2230
7155
-9865
1428
-4059
8561
-5016
-5452
6173
-4232
9745
-2187
-1441
6737
-5530
-8863
-3000
8078
7049
-4374
9322
-2076
2664
-2222
2065
-7857
9522
7476
-3381
-8663
-3968
-6766
-5583
-734
6050
-3381
4831
6380
2963
-2930
6122
-5616
4584
2692
48
-8818
-1065
-5530
-9046
451
-6429
-8663
-9287
7586
-7988
-6344
2065
8795
1324
-3759
-2194
-5224
4660
-2969
5477
335
973
-6502
-3962
3147
-9957
1377
-5878
7270
4978
-2056
4492
-7211
6185
949
-2836
2840
-2343
-7929
-5547
9921
-7070
3836
2230
7687
-4232
5965
4978
2236
6410
-6271
-4551
1870
9322
-3293
-2044
-7301
-4823
-6460
-7109
714
-9859
2921
2477
-6359
9522
-7691
6566
-9158
-3426
4881
9322
2012
904
7049
7220
9215
-9004
-3957
-2727
-1953
-2412
2065
5477
2053
2865
4611
-2838
-2607
187
4825
9745
-6241
4033
9825
-8995
-3601
-7605
3664
6056
-6450
-6897
-5676
5328
-1327
5076
2921
6766
4909
7616
7712
2320
-4813
-7991
8966
4248
-4302
9583
-719
-6531
-8297
-4533
-6897
-779
-4956
407
-5287
-8421
5344
7468
2294
-340
601
-3130
9893
-2193
2294
-9691
9885
-2552
879
-6502
374
-7936
3769
6737
7084
-4813
-557
5035
3125
-9053
-2578
-8716
-2285
-8013
-5048
7866
-2709
3284
4808
2840
-5156
2804
4392
6358
-7837
1053
-4302
2329
7084
5123
9256
3068
-7521
-3482
-977
2865
2230
-1950
7088
5190
-4780
6056
-9004
1428
-8773
-9046
-6450
2981
5124
-8787
-3521
3249
-5616
-8724
-8037
-557
-2171
-6502
7810
3590
2376
8562
-2168
-3968
8126
-4721
-9582
9268
-6897
-7520
-6608
3125
3973
7583
-3432
8561
8562
4698
5076
3003
2748
3998
5952
7216
-3805
-8037
-4956
282
8841
4831
6056
-223
-661
-7837
-9308
7421
-7408
1687
-9053
-1953
6737
9745
2329
7421
-2838
3590
7088
-2194
7549
7226
-7510
7421
-9004
-4721
7759
2492
-7521
451
1631
-3333
3973
7813
2053
1788
-9815
3177
9215
-6761
3106
4584
3969
8024
-9824
5035
3731
-9983
7133
5352
-2416
-4799
3590
330
9885
2450
6888
7836
-5878
4111
-3202
-2021
-8218
6646
-9478
-4854
3003
-1034
-7819
5967
1870
451
-4813
-8701
-9740
-8984
7088
6007
-5374
-5329
-5016
-5209
-6608
-8958
-8910
7783
6273
-6576
-1398
-8502
-1279
6171
5159
7832
-6598
3073
-3900
2656
1032
4100
-7388
3060
-797
-3216
5541
9885
-5449
-9222
949
9522
