5182
7714
5220
7857
2569
5330
768
332
3480
2120
5418
135
547
9327
3694
1200
9277
363
8263
984
3405
7055
2547
2587
3853
4828
6205
7541
8595
6455
1177
4773
8940
8551
7752
3600
6890
9649
6718
557
4019
195
3969
7414
9325
6854
7551
7961
747
1526
3784
8761
6984
4615
4162
4109
7270
3879
6597
5654
3146
4770
9420
5034
5389
8293
4607
6742
8126
7476
8835
9153
1941
7350
5115
459
3404
8719
8486
7843
969
8083
3446
4418
9957
74
5402
5377
8216
8381
3656
7044
8101
1608
8121
2739
1711
4773
8879
5787
8297
3014
8580
9143
35
758
9149
2285
2384
9811
298
3836
2444
2754
4360
2633
5037
8674
2369
4868
6539
4549
1870
1104
6995
6089
1560
4603
4319
3581
3247
5780
3196
3475
9178
2250
5890
3857
1179
1080
4212
8388
1150
9507
5536
1145
9452
8780
8466
2761
5203
6563
1444
992
6385
4613
335
9079
1720
6849
2801
7609
7144
1085
3277
5635
7132
740
1750
7510
6190
2306
8679
2732
4582
2764
2832
5474
4058
9652
7046
5995
9856
422
6219
3332
2174
1346
6043
5208
8477
5591
9874
935
7967
9456
7325
1601
5826
2495
1389
8863
1175
9124
545
8694
9378
5144
4621
5156
9510
7922
5266
4003
7629
173
3517
9056
5877
6703
2014
7804
5903
5248
8656
1562
8041
1347
327
7704
4606
5919
9544
9738
1939
6203
3548
9066
4325
8001
6865
2367
2912
8091
8529
3815
5364
8151
6709
3898
5416
8736
2600
9674
7562
3719
3348
8449
5551
5814
4628
8887
4186
8074
6713
4319
4873
3925
1956
1235
815
3140
5034
804
1809
419
5405
8151
3346
113
4456
5216
1198
8432
7225
9949
3700
6098
3556
1643
2881
9009
3716
8859
7032
7409
9169
2694
6002
7558
5096
1844
4025
2994
5682
2591
1889
5262
715
9518
6506
8673
3944
6420
9833
571
1343
6272
8992
5146
1465
7752
6257
5601
1946
1002
5083
8121
7010
5784
9243
7923
484
6665
352
1596
1802
4133
2735
145
2903
7626
9671
2491
6323
2622
1038
169
7927
8814
95
7710
3725
8484
6478
2774
6319
4540
357
7533
6
364
8262
4342
5712
4290
4992
6607
5915
5946
1871
1983
6484
6050
3454
970
1324
8333
2294
572
1329
7545
4273
8910
2513
4578
8846
6084
1619
3553
7646
365
6229
4902
6973
2255
5255
2377
9466
3779
1130
1939
3691
961
1365
6960
3680
968
4571
7491
9857
8151
4813
7657
8901
9109
7072
1718
9450
7396
2833
8585
5348
5496
78
3409
6304
6796
5526
4052
3523
8233
5744
5830
916
2731
5155
3006
9879
7449
989
3929
2786
4465
2046
6093
5710
5549
5502
9196
145
989
2534
1169
3638
9645
6234
5917
2753
23
9035
1612
7486
271
7405
1770
3541
6504
7106
1446
7819
3038
9247
1010
4385
5535
5945
6292
7994
3040
5440
7450
370
2258
1308
7208
5016
4028
6689
7985
8473
9854
7871
1958
9504
8560
3412
1024
4539
9312
3956
4420
5340
9868
2870
3306
4015
1750
4631
8722
8394
4564
7086
3029
6109
6681
6851
9601
6380
9519
1615
3681
3661
6344
8371
6678
5378
8876
5879
764
6730
8821
8476
8806
7482
7748
2390
4255
4228
4883
6327
2290
8559
9412
4616
3513
5170
8777
8736
6062
8216
5881
9064
6558
9443
7064
8283
192
9056
1794
7741
7345
86
2312
2023
2227
3850
9358
6755
6945
6685
4158
8203
3115
4134
4342
6763
3033
1683
8160
3418
8760
7967
3147
7505
6212
5171
5583
4605
441
4136
8078
3108
112
4427
5793
9777
3380
4248
2778
6354
1395
1822
8922
5743
6783
37
1760
2633
8236
99
6102
7561
4495
1537
6011
4521
169
5132
8546
8096
5007
3927
2984
5856
4417
3066
8214
7916
98
3893
3710
4217
8613
962
2960
7638
6443
2652
4084
4594
7523
8407
7609
7379
6108
6890
9356
6765
336
5489
2689
4800
2415
4617
5643
2521
5197
1852
2136
297
3834
3737
6613
8833
8572
9585
3324
2793
5386
2822
1977
3742
4903
2426
9818
9452
2334
3691
2542
5576
2135
2732
4123
8975
6206
9664
7364
9241
3923
733
569
9156
2944
6196
5531
3057
5466
5137
1888
1768
9154
6311
5587
356
9772
2981
1175
719
490
792
5911
7516
2940
5512
3883
6716
7374
5133
777
9330
5087
7050
2873
94
9728
153
9585
393
7384
160
8755
9847
2696
4508
7573
7998
1321
2086
7927
3115
1259
2939
4983
5320
6359
3255
2074
8892
5386
4735
8467
2252
7670
5534
6319
7367
1036
7702
5578
1604
2260
7380
5228
2445
4383
514
1225
7301
6201
5663
1988
7900
5813
4311
4776
5856
6333
2888
4040
7367
661
3666
2957
7957
7134
7429
5128
1914
5269
4924
2092
8701
8736
8025
4449
3136
338
3374
1949
783
5062
21
9268
2530
793
4367
8646
3234
6569
5520
8305
2699
4628
2148
6677
1053
3485
9994
418
5434
3973
140
1198
7111
154
6777
1036
5123
1447
3968
3352
529
6020
4873
8805
4047
3015
8448
4092
7357
6622
5419
3927
7196
1249
1501
5950
8240
7767
4064
8712
6186
1407
3623
1165
5276
3442
7366
5798
8487
6434
5422
6108
9501
6991
616
5034
6624
2562
6513
4162
275
6993
7908
9060
3640
283
9857
4968
9249
389
955
7122
9774
9262
6866
8862
8195
3798
3214
1027
8206
3959
388
8327
4691
3383
4810
5585
9280
852
7628
9992
2657
3526
4836
7357
4680
1010
9392
7442
8400
7373
7955
4475
1639
8805
5398
1074
5246
8447
2391
3965
624
9184
8656
8142
9658
9389
2917
1155
8816
4983
7350
6357
7063
2906
6297
6137
6809
8206
8446
8249
8124
532
9991
148
7208
8156
6980
2336
3512
4098
7115
5660
3848
2540
1130
7791
8411
6232
4003
5659
8194
7079
7188
2530
2912
5880
4161
8152
3954
8573
3584
7509
5714
303
4618
6752
9
2820
9102
4860
8564
1899
6492
5853
1286
3459
7236
7323
7098
5015
187
6356
638
6735
3792
2478
9260
2
7119
5132
3033
9419
3388
4643
4133
3589
6864
3179
2763
7110
2956
2324
240
4507
121
6405
9167
551
2431
3981
5950
1334
8973
6853
4992
5296
5475
1453
3017
4329
691
4918
4387
9378
4839
5375
1853
5793
4801
9347
2196
5161
8768
9970
562
156
6523
6591
6138
5673
9147
5954
8028
2857
5081
1161
484
4323
46
6596
720
2568
9257
5123
6281
1383
5606
6122
441
7897
5984
2387
2087
1245
799
8592
8803
3001
2450
5281
4171
6015
5673
220
824
6571
8328
5373
3239
1646
9468
2920
1011
2364
980
3545
2164
835
8422
759
5920
346
1450
857
9019
4925
6855
8997
5530
8391
4335
6631
2117
1172
637
9506
5727
3240
8919
4078
4869
2674
6333
1225
2820
4158
7886
869
2017
1284
2955
2168
5211
1969
7484
9316
550
9764
3222
9341
7966
9158
1208
4757
7933
4475
666
1766
8776
5697
2464
8043
5972
6134
2417
2907
8926
8229
9366
9612
8553
5817
3929
9841
7428
3116
1214
2520
2911
9464
1024
5034
4906
2077
7093
9766
8283
4644
9421
850
1358
2278
2396
4563
4295
326
4868
8848
6317
791
8742
114
8562
1266
8399
5942
8676
8513
3971
6287
3283
8626
2674
3602
5035
3769
1703
9662
3644
623
5115
771
3262
4580
3703
3822
4151
1702
249
6795
8240
5675
2167
3259
2795
716
4464
6900
1705
153
2713
3260
7875
9369
6087
7949
1641
8366
3277
3615
9215
3554
7255
9592
7792
3024
2481
1
1056
9229
5692
2233
3564
2928
9593
6585
6236
2511
1782
5569
4307
8322
4479
8487
7729
3075
8474
5073
7561
3029
1797
5786
3995
5118
6616
4243
9206
3583
3121
6826
9145
7910
6836
3070
9420
2475
659
9218
9580
3387
2520
9985
5745
9506
4655
6739
2485
3808
8410
8442
9179
3121
1195
9508
9822
7756
8680
3941
144
5974
8667
9444
138
9152
7120
8837
1148
4711
8972
9669
3183
4928
4043
3194
8255
8755
7264
8073
3397
2121
639
5312
2754
1026
344
6761
179
3339
8159
306
6625
4608
9887
8644
2481
7648
2781
5277
262
2476
6068
893
7466
3071
4694
6516
2329
6260
7486
9856
125
9457
742
7710
5038
8846
6785
3764
3194
5306
4380
3996
5132
7330
4337
5075
3067
1432
788
4010
9734
9393
1097
285
6883
2025
5546
4961
2902
7903
7208
3897
5201
7686
6214
5195
8901
1572
4420
1364
1749
8745
1425
1699
1503
9004
4143
4239
5448
23
1975
2275
7804
1747
1257
8020
3993
1225
9940
2910
5076
4753
217
6347
2773
3474
6896
1783
574
8325
6090
2036
7790
1285
9141
2816
2401
802
3792
1472
3784
9422
4459
4094
2252
1965
9563
847
3943
885
1654
9284
7086
709
3581
63
4011
5129
3898
2063
8229
7799
6970
2767
3232
3503
5739
2824
202
2748
8710
9285
4889
7855
5414
7311
7458
6161
3841
4198
137
9061
4006
6730
2282
4915
2857
7650
970
6378
9465
3564
2189
2278
3339
2960
2408
9650
6000
8929
6764
4575
2837
9440
7011
6209
7873
6749
2936
6441
9394
856
9225
2005
6021
9706
4117
4422
2979
6447
2366
6850
4837
3561
6457
6365
9575
8729
5861
6305
4243
6133
7971
3056
2760
1052
5186
2951
9060
3809
2553
3591
8160
4765
5711
3929
4792
1345
5417
27
6126
3639
1549
2653
44
48
3472
5362
9969
135
9926
3933
1826
5021
9811
2323
1346
5009
677
1094
4763
5861
8396
6123
6274
3982
1687
7976
1713
284
5959
1844
5796
4378
5808
3099
5948
9240
5940
6771
7731
4797
3908
3789
480
9454
7314
7515
7989
1271
7999
9632
2122
7330
7416
3869
1284
9360
1959
9213
9170
7286
9013
3840
2592
4782
6305
8087
1395
6733
5616
3043
3004
2881
4137
4053
3845
4400
8197
8303
1466
1953
5585
3357
6322
5310
2203
5349
8297
4444
7464
2532
6865
7660
449
9154
4128
1611
8317
3720
8347
444
9685
9521
5982
5283
7199
9149
3265
3676
948
8838
2569
9389
3969
807
5190
2145
9799
1766
7346
4272
4068
2023
8066
3459
460
2808
2418
6822
9449
665
8473
4047
3512
8388
6945
9522
6370
2551
1270
5731
1287
1824
9911
8413
9197
3775
4018
8344
9899
1616
9174
3807
1246
13
5522
4079
4695
2033
8527
7222
257
2911
378
3775
7380
2555
9244
2516
1407
1178
2990
7196
2553
2688
8620
3079
8000
7034
9314
5575
4244
2999
7509
4198
4556
5464
8295
7202
8584
3992
552
5321
8644
2366
6125
8878
7461
4473
1360
526
3116
1697
8936
5039
3407
3127
1186
3387
273
1764
8596
2137
6479
2303
3930
9232
4333
467
5164
8659
7829
5866
5114
2124
359
8086
1074
5447
6017
7545
5573
3358
5027
8419
3611
6487
8942
8478
119
2265
3326
5472
696
3769
7391
6419
2437
8553
7086
1857
4201
1036
4251
7576
8011
4795
3251
7680
6157
724
1650
7722
4646
8890
9768
3102
3403
6485
9115
7571
5928
3054
1856
5607
4193
2701
3768
7077
6567
4737
7873
9904
5171
2788
4124
563
5217
3666
7630
9103
9239
9211
2471
6615
6183
2918
6792
9507
9744
4495
4762
9576
7993
7262
4428
6577
1622
509
548
8723
7282
2948
131
1061
3448
2435
8144
9745
8282
8795
9321
955
1081
7169
6141
2192
6582
3009
7967
3532
5792
3582
7826
2311
8595
5970
7783
1967
2873
2325
269
664
6564
1812
1717
932
394
3766
1279
5737
9600
6442
5704
1585
8203
9411
2832
4677
1094
6599
1861
2856
9951
3586
3872
4889
7245
6772
306
6492
5951
6432
7377
2687
7043
5269
6837
2899
7362
6120
2665
3901
9391
1931
3887
9360
6715
2410
5063
530
799
2595
4877
5310
3428
2345
1452
2336
6598
7025
2229
5823
1117
3694
1433
7617
2072
6731
8940
9054
5660
3081
7492
2644
476
4517
3956
8010
435
4954
6277
9032
1529
9862
518
2535
958
5237
6925
1949
748
3639
6603
1886
8188
7555
419
1583
9180
5799
7899
7856
6950
6199
1
5909
6349
227
2836
7365
9897
3529
9398
4302
8116
5498
9733
9753
5560
1707
1905
6875
5106
3420
4906
7115
4078
1286
1366
7474
6126
5125
3415
9353
9633
4011
4217
6474
3871
9856
1072
2341
6255
1573
6778
8323
9512
7902
3073
4513
4889
4850
5125
1948
1328
3630
7585
4707
2411
8960
73
2456
1342
419
2211
7130
7752
8177
62
8199
852
4448
1810
2577
7623
1889
4376
8912
1897
7024
3922
6792
3698
5889
1121
6226
7479
6257
8239
4634
2355
1026
4398
6073
133
5332
8787
8328
6947
3847
4018
8011
1916
3767
2197
314
7666
6591
8838
5520
1570
5690
4611
1236
1629
4323
8082
7794
606
7248
3231
9405
7390
9927
8244
3418
4773
4177
7367
2538
7677
1381
2514
5809
7172
9664
637
1011
8215
4956
9382
9972
6923
9680
8310
2353
222
5603
5676
526
7195
472
200
7116
3866
8235
2836
8896
9282
8510
6835
1363
4939
7548
4116
8302
7589
9276
8051
1192
8360
1974
9420
5570
2277
2622
673
1823
4750
6075
8877
6262
2370
5628
9911
3726
9983
4176
6537
6127
4417
3130
2692
3687
4226
177
6008
6011
9999
2027
6595
1634
3342
8478
9816
3761
3956
9057
7787
5611
7921
2791
6523
5795
5903
2467
5425
8446
6672
4409
1977
3697
5759
8032
8833
9027
4490
2842
6626
1101
3561
8624
4449
5684
4659
6721
7138
9183
3497
7591
5960
6359
6252
6407
6377
9
626
9970
3020
4631
1041
534
4358
7045
3618
9776
5275
761
7352
9277
7331
5152
9529
1716
5974
9762
8390
4356
6206
1213
9406
9615
4138
2417
4144
4713
5988
6665
8236
7667
7268
8523
6395
2277
7582
9879
1272
8809
3104
8507
9639
8905
6560
9912
7215
6431
2707
2154
7903
5456
4972
3359
9231
3355
2906
55
9042
1900
3742
5765
92
1908
5787
5649
9085
803
2645
2794
1346
5693
1131
903
3752
3660
9849
4832
4846
3672
8631
5568
3194
6774
24
4428
7515
5594
1374
8084
7964
7389
7785
5296
3312
29
4962
8175
5075
722
1681
8249
5795
2222
2434
9110
2376
1189
6017
8066
1867
2722
4708
8499
1442
3696
9173
2286
394
5556
5907
9903
6698
3566
465
2398
8706
8472
9027
4659
7519
1221
9605
1693
2435
1430
8361
6536
3168
3590
7118
5357
1393
9252
1923
9843
535
9280
8843
6204
824
192
4645
1610
5119
4145
2151
6485
843
7719
8035
1331
4635
631
5579
4852
1409
5156
332
7645
3048
2466
2982
8133
3088
7400
5681
2315
9056
1982
9106
5503
8869
9469
7527
1216
2005
2455
3247
3059
7340
6418
9166
8870
4343
4288
8396
421
9778
4678
684
6209
8218
4822
4775
3219
7220
1419
9227
8047
2410
8549
6114
999
3139
8336
4785
1338
2806
9848
3484
8952
3424
3420
9023
4960
7610
8510
8542
7847
3405
6807
9735
5239
1197
8448
4726
8038
3876
5642
8980
5652
9073
7192
8521
6424
8332
8738
1941
5580
6420
5108
3577
7198
4671
3742
5608
2322
9650
3101
5742
6340
3271
4637
1893
39
5668
2836
5955
3748
1261
2439
9908
1041
2487
665
9197
3165
9212
5078
1184
6304
3827
1828
8925
9658
1861
8712
7596
4125
3490
9970
6349
4226
3338
593
1644
5080
1506
4884
2643
8108
4934
1072
2310
720
5163
9046
8278
4452
3843
5564
1917
4511
2068
9443
9904
5597
9270
5867
4307
7470
1393
8717
6735
2862
5953
2551
8090
3432
6546
4329
3465
5718
3526
3031
8635
9415
8419
7259
7838
9214
8502
4906
7109
1109
8504
153
468
5882
9824
4091
8803
9552
5487
6220
7594
9057
2507
164
6201
6352
7513
285
8026
9055
2724
9289
5389
686
7002
3792
4737
2713
1873
3912
3062
3459
8832
5750
9170
3170
522
7958
4848
2412
8912
2123
7914
3068
5838
1609
8190
3325
5041
3833
2323
6885
4170
4022
4558
5019
344
7331
1416
8427
5638
8341
7056
139
128
2508
4827
5584
3132
473
1164
1382
5589
3081
1450
2999
7374
23
2118
9614
6261
7493
5614
8733
5281
5001
3801
6173
1362
2002
6948
6217
5951
5741
3178
9407
7643
2796
6107
1119
1502
9244
5881
8512
1087
9218
2861
1117
4431
8787
8525
9018
6242
5486
3735
7792
1321
6785
4577
9750
316
3106
5547
654
1811
5715
7600
4304
2403
3681
5836
1860
4127
9999
7786
8037
2623
9862
7933
2330
5931
9664
2215
2031
1729
8783
2742
2495
4728
9505
2196
17
6715
972
5831
3545
7477
9749
2546
2518
3109
3849
8151
2613
9105
7191
6674
9490
3818
9904
2394
9321
7764
7120
9394
9720
7414
9366
1082
4430
1436
443
8563
4202
6848
4221
5953
5049
2865
1891
788
3402
2525
6485
367
5668
4907
5680
5253
9186
2839
9675
120
2512
7076
8155
5222
1444
8180
6631
3176
9161
215
2284
4184
8214
4048
136
6903
2639
5323
5231
4076
1348
3924
5165
9776
7317
881
7870
8578
3521
5795
5955
1462
2431
5701
9913
8875
7752
8108
4057
3108
9669
6913
4672
8679
4586
5146
2288
7938
9748
9391
3497
7369
9967
9423
6781
3091
6335
409
5645
278
3310
357
170
6787
2176
7764
6972
8441
819
4388
8029
1811
2170
8053
4022
7910
7070
5426
2678
9174
9606
4272
8443
8055
35
2054
6975
3451
4705
9619
6181
3712
8352
8870
4053
8552
7589
8517
3807
9662
8464
7481
8511
2786
7222
1414
8205
8038
6413
2430
4802
9972
8233
9279
2855
6231
2427
4459
2029
1612
5074
2932
3577
6210
6709
625
5145
7008
9051
1596
4295
7674
6785
5118
7629
299
2658
5960
2668
3579
4924
7170
1741
8157
2645
3832
2009
7324
7978
258
3836
6847
4115
5728
3337
2466
7369
5692
4452
2865
3645
4335
7453
1009
5817
2035
7507
791
8105
5103
344
6583
1132
5794
8905
2950
1877
5437
9674
4750
1834
5203
5513
5691
2610
9691
9514
4166
3955
3240
2920
415
3677
3596
7061
7011
2775
7216
9682
1525
5586
8220
7241
2980
8507
2890
8073
2395
6385
9044
488
1746
4140
3652
6414
5669
4110
7863
1546
4558
5501
4531
5320
3437
9249
4403
1695
7937
6755
51
9041
916
4309
6583
5495
6867
9015
3081
7160
324
1851
2300
7356
5846
557
3766
4112
7918
826
2369
7408
5064
8761
7782
8220
998
7191
5922
2374
7964
2026
8723
393
6540
4688
1224
1012
3056
5471
5359
4946
2507
1352
5343
1075
7841
6446
3276
4714
578
168
6094
2294
2590
1330
2969
4842
269
7700
9745
4293
1888
1258
8544
581
3828
4476
9941
3902
5969
9248
3603
2619
6571
5628
2763
2310
2808
1390
3459
4892
5304
2766
5961
6205
1544
476
9003
6599
9749
6338
774
348
6884
8353
9418
3808
333
7796
4681
8189
6226
9941
5597
5520
5351
9606
160
1045
5124
4787
6860
3819
304
9567
3326
6561
7051
1703
9840
5275
5829
1083
2484
6147
8056
6481
8996
9333
4863
4694
6966
8547
489
3042
1402
3804
9196
8606
5472
4217
8713
2284
562
6828
5998
9318
4380
7627
6054
4674
5547
9203
6090
6806
6388
6816
9631
3103
8642
3389
6950
1516
4276
6308
7904
4259
4462
4874
1773
9741
4894
2907
203
6462
4772
9487
5117
8298
9258
4399
7506
1967
3382
600
3804
7490
6441
7887
4
7039
1422
2458
5911
5465
3401
6679
329
5581
9922
2144
5329
9313
4642
4557
6794
8339
7541
3958
98
7846
9580
9124
9886
3097
5926
4309
1302
7433
740
8548
5034
8299
7136
2360
1831
9993
5252
3715
8121
5326
8335
6584
1548
8574
6238
7897
3901
9975
4735
5200
7069
1986
7852
693
9967
6124
5551
9780
9806
702
7670
2650
5694
6266
4062
4453
3493
2783
5628
2759
7075
1513
1314
6171
6096
7068
800
6074
5902
4728
3527
8962
7147
747
6881
8768
981
5033
4360
4468
3902
9588
5669
6244
2445
6477
8816
2393
877
4056
6367
646
9328
7138
5184
797
7689
1675
6852
1414
2991
4433
5909
8034
2160
3591
6821
5522
4132
4187
4128
8872
4598
2371
4273
9786
235
2026
5586
3915
8278
9570
4041
773
4901
1364
317
6074
5601
9564
311
7357
79
5243
8311
8695
7741
3287
1210
8434
5331
3812
2802
7755
4387
3760
2450
6300
226
7786
8161
8428
5159
7605
7437
4855
2479
4761
4713
3182
1681
7937
7983
4647
9685
3054
3896
1758
7127
6713
4313
4385
6289
7300
1500
1411
1403
6735
4551
6851
2711
7697
5067
9636
7621
9630
5768
9560
2901
6229
5934
1280
7664
6581
6915
9419
1650
2845
4126
5899
1816
9788
3214
5305
5074
6886
2817
6783
7720
1307
1959
923
4604
5360
107
2893
2870
9130
7238
6649
881
2390
5205
5382
8564
4070
7259
297
4159
2854
5605
8748
2414
4076
9696
4104
2604
5381
1219
8139
4099
2012
2361
5678
7623
5105
228
6567
617
4120
8842
5914
454
4980
6114
8458
7684
9931
5215
9483
7921
8492
5181
1849
1042
3842
8389
1093
1198
4698
9983
2829
7281
248
7874
7525
5785
2134
6144
6564
2733
7309
2354
1627
4978
8630
9222
3167
8221
1536
2104
7083
3255
7361
7146
8621
7653
8461
2110
674
1229
6197
1825
5026
6909
80
1314
8836
9352
4710
6622
1125
3009
3630
2549
9115
356
4498
7040
1479
8076
2713
8250
452
311
6157
4979
5701
1583
531
7143
4851
835
3642
2893
2472
4987
1486
801
8047
3925
1756
1841
8835
1998
1734
616
686
5410
1684
2816
9766
4417
8668
5660
7838
630
7604
7900
9364
2265
402
5710
5951
6384
7976
4697
6951
8130
1322
2505
8079
4893
6167
1427
7941
6708
200
5549
6915
8134
1343
195
9124
3020
8972
6521
226
8668
9278
7155
4255
3600
3767
4714
7220
7596
2052
426
430
6028
1713
2253
7054
6542
1448
2143
443
639
2465
5486
9382
7513
3827
9356
5895
7379
3660
6820
6386
7831
362
280
2006
5399
1489
7427
6304
4424
1930
5504
3346
5865
6677
3168
1586
5435
7726
2333
8062
5496
7023
7022
1939
9641
9605
7689
7427
3103
5332
8451
8795
2791
4476
8827
4181
8476
9815
446
1370
9155
9205
5220
2237
9783
5675
8503
6026
4777
1615
1274
5032
3821
9963
7633
6065
3080
2645
7453
1215
1549
2214
7447
3266
5240
4684
3511
2538
8911
1271
4593
3760
5537
5658
6012
2674
963
2209
1529
4792
3060
746
37
5972
8493
8087
6083
542
2746
9706
123
2923
350
7775
3362
4689
7524
7726
9636
4663
9119
6998
82
9625
5203
2104
1230
1540
5343
3040
6430
3321
2103
3174
7244
2677
3206
5950
4851
5189
8812
1050
3990
4643
2104
1321
29
238
770
3032
2611
8457
1261
9776
3482
3352
5869
9059
6322
4110
6705
5102
3093
2089
452
8297
6348
8584
326
1332
3213
8425
460
3871
7443
1020
1010
891
4305
3355
8239
2032
8489
9402
5874
7925
9497
9948
3166
2108
7983
1484
56
3537
8154
4513
6113
1623
7796
9067
220
5197
9172
9406
6221
9811
2834
3445
6103
8211
8855
9956
3182
5419
868
9327
8105
3618
9818
7155
4748
5927
2729
731
959
604
4696
23
7874
8896
9556
8821
6970
6924
8883
3455
767
968
4440
8470
6109
4380
5506
2818
902
7544
4960
4231
224
8913
952
5435
8030
4083
7855
6466
4257
946
6605
8398
4871
3071
8864
4572
1816
7688
6503
4182
8781
7864
755
1675
4047
6004
6886
2859
9998
9253
111
8343
2254
5631
4444
5585
1279
4326
3910
4068
7154
7239
7
2958
3681
9565
2824
4884
8291
3868
4701
8892
8451
4365
6065
7279
5042
7337
9149
9187
5741
2121
6327
1489
4147
1423
774
6337
5683
6994
9033
4316
3771
5865
2528
9196
4736
4354
1317
4214
6115
9110
857
7003
7867
9290
1667
7458
7055
3948
7718
6548
6856
9526
7158
5278
8211
701
4610
642
8684
1067
9573
8092
8306
9793
1208
7574
9419
8262
2432
4629
3097
655
2321
8589
5714
721
8457
6886
3744
6047
448
9937
204
150
5523
8430
3026
1765
2169
5613
1950
7513
1995
421
3852
4159
8755
7530
6994
3017
8621
2778
8965
4316
33
1198
706
4423
1256
2740
2894
7026
3238
2962
2544
1530
1702
9845
2923
6188
4109
6418
5361
5531
4787
6141
2463
59
4776
7222
628
4578
8545
876
883
4748
3795
4689
5304
3884
1904
8359
9071
7474
6801
8620
3919
4401
6870
2386
7888
5416
6352
1731
1977
8241
2186
7528
7726
16
95
2909
3826
1896
9633
833
7203
184
2228
1193
3435
6044
3023
5023
1856
6997
3220
5394
5981
2917
6714
7584
1112
9623
1689
1552
1598
2282
8397
942
670
9027
2881
5639
5895
9786
1092
8163
9766
4030
1788
8347
4579
9726
4221
2625
6191
1019
492
5778
6680
8810
81
6295
9102
4354
4563
6592
4805
8438
3122
2255
6074
435
6803
2335
5215
8306
1800
8535
6007
3038
5661
8710
5598
2853
1611
7399
7250
3288
5859
1698
4134
2462
7130
9782
481
8849
9312
2110
8253
5675
3913
249
3721
3693
8376
2599
1042
6754
4476
5681
1687
7075
204
8234
6774
5588
1356
9117
5328
2797
220
7613
4711
7956
8361
8835
7324
6908
8915
4388
6713
8281
8770
9344
34
4329
20
8832
9381
5748
1568
870
7693
9137
4910
1976
333
3292
7555
6339
3660
9070
7149
3683
9282
8162
1546
8567
9430
5758
4028
3247
5853
1174
7133
8157
8830
8441
8064
3163
1634
5523
2667
4817
4795
1714
2035
7295
4267
9059
3135
7465
9947
3444
4586
2937
9441
8541
3207
5490
1650
2720
1529
6633
9174
395
5865
5294
3052
4644
6534
5589
8895
2297
5224
1162
373
1300
7651
6375
4396
8224
7159
7761
3466
292
4798
4275
2977
6795
9599
3942
9376
1464
687
8133
5634
2846
7312
8374
2423
8972
7399
3620
9532
9270
9962
1298
9950
3445
6031
8879
4882
1887
1490
2688
6380
1596
3344
5800
4559
8592
8549
8965
6613
4972
9339
2327
8813
6477
250
1829
7851
904
4504
2116
3489
8866
4838
5018
698
3858
3368
1293
8069
305
9618
8780
648
950
6816
8212
2516
5972
1306
1765
9019
5009
8272
8319
1528
8625
1341
7397
6011
1326
9801
956
1960
2769
28
9853
8149
7952
6917
7458
1705
1645
2257
2419
9129
7234
7497
3235
5576
8146
6338
1556
4291
1391
6108
5357
2991
129
9974
820
2740
2630
2688
9176
5376
5794
5141
968
6476
5891
9811
9471
727
7944
5598
7732
3358
8742
2046
6326
2530
1318
2059
7902
8529
5664
4493
3958
5157
2275
8363
2240
4532
8672
6390
9078
9917
6541
5869
6080
6730
5053
9698
1870
5427
7499
8428
6061
1284
2797
1848
9180
2931
3482
4652
6854
2092
4099
6441
8617
1055
3766
7687
8045
9364
4765
5365
2572
6017
5561
7103
6200
718
7993
3572
8314
9942
3388
5653
5634
88
5822
8972
5439
8575
7744
4336
2251
8276
3998
239
9708
195
4187
5252
1752
3517
2216
5009
3823
1713
292
8083
5055
7596
8844
5407
4176
785
9504
5343
1723
9541
2568
1139
2509
8671
6447
902
320
7234
2490
4918
2204
5468
9073
2944
5736
1402
4546
2369
8870
1160
7517
348
9075
1363
2619
1004
8446
6273
2724
9601
3335
9869
2635
6535
1860
23
2159
1918
8938
3807
8640
9711
1001
4982
9390
8850
7286
4548
7694
6010
480
3752
7847
5619
3992
8959
4530
9872
2113
188
3584
9469
5657
8068
9317
9722
8579
7180
6882
9148
2281
7414
1211
4572
407
2267
8379
4874
9216
9933
8220
3210
3135
7887
7211
9096
4072
2959
7972
6418
558
6315
6
2062
3764
818
3139
2149
7327
765
4455
3960
628
5367
8151
423
3899
6103
722
3319
7404
1640
7074
3142
1168
1689
9298
3239
1645
8020
8851
5006
9815
1462
6869
5976
5245
6408
4490
3746
1723
3163
1670
2522
4549
826
6993
9978
2288
6139
648
1052
9730
4512
3459
4227
704
7280
832
2726
1919
7182
4907
8554
6851
373
7549
4703
6705
1123
3107
3310
6458
9734
4177
3674
17
508
8565
1456
7408
1792
791
3670
7751
1154
5338
2214
1575
3598
395
1489
3341
5092
9795
2035
4727
3351
3465
8303
4482
2546
2981
1614
2339
2652
7940
1325
7379
1287
5843
196
2625
5352
3647
2534
7130
7745
2118
2433
2549
5931
1658
410
6923
559
1095
1648
253
1050
8180
998
261
2056
376
4821
8229
6073
1797
7942
3351
7554
2388
8998
4126
6291
4866
746
9210
5301
307
1195
2286
329
735
9693
8515
5486
7813
5161
4374
4041
3752
193
4070
3188
9929
6962
7004
3371
833
9408
8451
5378
5413
7386
112
783
2815
6171
7169
3985
1856
6615
2588
7313
7377
2466
4727
519
2392
9017
9809
8545
4238
7169
3247
1330
4950
1696
6812
1518
349
3622
624
5845
2687
8564
9676
901
9961
292
5914
6526
3389
9664
1564
6301
8702
8812
9193
6006
4235
2416
4062
7961
9357
801
2960
7627
6797
1494
4776
3869
4828
8319
5882
6784
5069
5810
9099
6889
553
3041
1303
6291
1277
5140
3834
4583
5752
1046
8839
2329
7797
3351
7538
39
4289
3498
5362
3227
7956
1418
1252
8447
3819
6369
391
9996
9210
4987
1489
2276
8512
7135
4184
4956
4939
2874
9058
5408
5186
2062
5152
4466
7455
3278
7608
8269
3247
2775
813
4056
5787
2418
4429
7845
7049
4470
7993
7889
9055
2816
3839
9953
1135
6295
4774
5907
3912
9933
8588
9073
5381
2272
9190
9610
9521
6331
9864
5769
6080
8717
4046
4846
8871
1306
759
8313
2741
9317
5505
4595
8017
182
5352
9530
3503
6638
6086
1994
7883
7236
4624
6264
3489
1211
5279
647
1630
325
5829
4440
9161
9732
4001
7390
3043
6073
8880
5147
7805
7744
282
4911
518
7038
7341
7749
3956
8293
6132
8435
9413
9818
5388
9146
4750
880
7362
1557
2914
6549
6839
7638
4045
7361
687
2267
1020
2068
2529
2064
723
1108
7139
331
8887
4429
3404
3325
4523
179
5995
