-998
-984
-976
-962
-960
-936
-919
-910
-904
-904
-889
-889
-888
-865
-855
-845
-831
-824
-807
-798
-796
-795
-791
-781
-760
-758
-750
-749
-747
-736
-733
-728
-728
-725
-718
-702
-695
-692
-679
-644
-636
-620
-617
-606
-597
-591
-581
-579
-543
-534
-526
-521
-519
-510
-497
-473
-468
-447
-433
-397
-387
-380
-370
-366
-360
-358
-350
-346
-337
-334
-323
-312
-296
-268
-251
-248
-190
-181
-174
-170
-169
-155
-153
-149
-133
-89
-66
-52
-38
-30
-16
5
34
83
109
112
116
133
142
154
157
180
181
189
207
212
223
229
239
240
262
270
270
275
287
289
308
308
315
316
324
326
338
346
354
355
359
383
400
403
410
411
419
421
424
432
450
456
461
464
466
472
489
490
502
504
516
532
532
555
562
564
565
578
581
583
586
594
596
597
601
617
619
620
638
642
643
647
659
674
679
687
692
707
723
723
727
735
750
757
757
759
770
772
788
788
793
795
813
819
828
834
836
863
885
895
911
952
963
972
