-50000
-49993
-49977
-49975
-49967
-49963
-49953
-49943
-49942
-49937
-49936
-49929
-49925
-49920
-49906
-49904
-49900
-49881
-49871
-49867
-49855
-49843
-49830
-49822
-49816
-49804
-49800
-49783
-49757
-49742
-49707
-49688
-49678
-49663
-49662
-49658
-49645
-49637
-49637
-49630
-49618
-49606
-49595
-49593
-49583
-49563
-49525
-49509
-49500
-49496
-49488
-49488
-49483
-49481
-49462
-49458
-49450
-49442
-49436
-49434
-49429
-49427
-49401
-49381
-49378
-49367
-49345
-49334
-49331
-49330
-49324
-49311
-49301
-49299
-49290
-49265
-49258
-49251
-49243
-49239
-49225
-49222
-49213
-49204
-49201
-49194
-49165
-49139
-49118
-49118
-49115
-49106
-49094
-49093
-49083
-49082
-49065
-49063
-49061
-49054
-49052
-49045
-49042
-49034
-49024
-49015
-49013
-49001
-48996
-48978
-48977
-48969
-48968
-48952
-48950
-48945
-48943
-48929
-48921
-48906
-48902
-48888
-48886
-48886
-48886
-48883
-48845
-48841
-48822
-48820
-48806
-48801
-48796
-48781
-48776
-48767
-48763
-48740
-48737
-48732
-48714
-48713
-48696
-48692
-48690
-48683
-48676
-48650
-48644
-48618
-48612
-48600
-48598
-48594
-48586
-48583
-48580
-48578
-48575
-48567
-48553
-48540
-48527
-48474
-48457
-48453
-48436
-48405
-48403
-48394
-48374
-48359
-48358
-48342
-48332
-48326
-48322
-48291
-48289
-48267
-48256
-48253
-48219
-48206
-48196
-48191
-48185
-48182
-48175
-48172
-48156
-48149
-48142
-48138
-48117
-48114
-48106
-48097
-48090
-48070
-48068
-48050
-48040
-48024
-48011
-47985
-47981
-47980
-47962
-47936
-47928
-47926
-47923
-47906
-47902
-47897
-47888
-47880
-47856
-47851
-47840
-47838
-47833
-47816
-47816
-47814
-47799
-47791
-47790
-47781
-47769
-47762
-47759
-47752
-47732
-47723
-47696
-47693
-47691
-47680
-47680
-47680
-47679
-47678
-47662
-47658
-47655
-47640
-47627
-47615
-47613
-47613
-47582
-47576
-47570
-47566
-47563
-47556
-47555
-47554
-47545
-47541
-47538
-47530
-47524
-47506
-47504
-47501
-47496
-47491
-47486
-47473
-47449
-47445
-47444
-47434
-47428
-47423
-47406
-47397
-47376
-47369
-47369
-47363
-47363
-47341
-47336
-47317
-47304
-47302
-47287
-47273
-47257
-47248
-47231
-47219
-47205
-47202
-47191
-47164
-47152
-47126
-47113
-47084
-47068
-47055
-47054
-47039
-47037
-47037
-47018
-47013
-47009
-46998
-46988
-46985
-46962
-46951
-46935
-46930
-46908
-46901
-46895
-46889
-46876
-46869
-46868
-46864
-46851
-46840
-46835
-46832
-46828
-46810
-46796
-46765
-46760
-46758
-46749
-46748
-46747
-46721
-46718
-46706
-46698
-46696
-46691
-46682
-46680
-46678
-46676
-46656
-46615
-46607
-46599
-46598
-46586
-46549
-46537
-46517
-46517
-46512
-46512
-46501
-46489
-46471
-46466
-46464
-46458
-46444
-46423
-46418
-46417
-46406
-46396
-46365
-46364
-46361
-46361
-46340
-46335
-46324
-46310
-46299
-46290
-46275
-46268
-46261
-46257
-46257
-46224
-46223
-46206
-46199
-46191
-46191
-46182
-46181
-46175
-46156
-46139
-46131
-46117
-46101
-46096
-46084
-46081
-46072
-46070
-46063
-46061
-46054
-46044
-46001
-45993
-45978
-45951
-45938
-45930
-45918
-45917
-45894
-45892
-45879
-45874
-45871
-45836
-45758
-45754
-45752
-45739
-45738
-45699
-45680
-45670
-45668
-45664
-45658
-45641
-45630
-45622
-45608
-45570
-45556
-45543
-45539
-45512
-45497
-45482
-45480
-45464
-45463
-45455
-45454
-45450
-45447
-45436
-45431
-45411
-45410
-45407
-45404
-45401
-45387
-45380
-45373
-45351
-45339
-45330
-45290
-45288
-45271
-45251
-45242
-45234
-45233
-45228
-45203
-45188
-45188
-45178
-45174
-45160
-45132
-45117
-45115
-45105
-45099
-45092
-45080
-45077
-45073
-45059
-45053
-45051
-45045
-45035
-45032
-45028
-45027
-45006
-45005
-44985
-44974
-44971
-44960
-44950
-44941
-44940
-44936
-44896
-44887
-44881
-44880
-44859
-44847
-44843
-44830
-44810
-44782
-44775
-44771
-44768
-44768
-44766
-44762
-44756
-44742
-44740
-44733
-44715
-44710
-44706
-44688
-44676
-44674
-44672
-44650
-44642
-44634
-44633
-44589
-44571
-44552
-44537
-44537
-44502
-44497
-44478
-44473
-44473
-44460
-44460
-44451
-44449
-44438
-44434
-44398
-44392
-44385
-44383
-44378
-44346
-44341
-44332
-44306
-44293
-44288
-44263
-44259
-44250
-44248
-44244
-44242
-44207
-44189
-44174
-44174
-44153
-44147
-44144
-44139
-44128
-44122
-44121
-44116
-44098
-44093
-44093
-44085
-44068
-44064
-44016
-44008
-44006
-44003
-43998
-43954
-43948
-43919
-43905
-43902
-43899
-43898
-43893
-43890
-43887
-43882
-43858
-43840
-43838
-43835
-43833
-43823
-43819
-43809
-43802
-43788
-43776
-43774
-43763
-43763
-43750
-43749
-43745
-43718
-43711
-43709
-43708
-43703
-43697
-43695
-43677
-43670
-43665
-43651
-43646
-43643
-43640
-43629
-43628
-43622
-43611
-43608
-43605
-43598
-43593
-43593
-43565
-43564
-43556
-43551
-43537
-43533
-43522
-43520
-43513
-43484
-43478
-43458
-43451
-43441
-43421
-43417
-43407
-43393
-43386
-43374
-43372
-43370
-43366
-43366
-43325
-43322
-43314
-43312
-43262
-43245
-43244
-43237
-43233
-43210
-43198
-43185
-43180
-43179
-43179
-43179
-43175
-43165
-43158
-43158
-43145
-43142
-43140
-43139
-43132
-43111
-43104
-43101
-43099
-43081
-43070
-43058
-43053
-43047
-43042
-43037
-43034
-43034
-43031
-43028
-43022
-42998
-42964
-42955
-42952
-42903
-42898
-42897
-42875
-42871
-42869
-42860
-42845
-42840
-42837
-42812
-42783
-42777
-42776
-42750
-42733
-42729
-42723
-42699
-42696
-42693
-42691
-42687
-42664
-42650
-42642
-42635
-42630
-42592
-42579
-42572
-42562
-42529
-42527
-42520
-42500
-42485
-42481
-42478
-42478
-42477
-42461
-42454
-42446
-42410
-42410
-42409
-42401
-42392
-42369
-42367
-42359
-42352
-42330
-42320
-42292
-42253
-42235
-42233
-42232
-42227
-42197
-42194
-42187
-42169
-42157
-42150
-42143
-42139
-42135
-42132
-42115
-42110
-42099
-42097
-42073
-42058
-42054
-42053
-42052
-42045
-42043
-42023
-42021
-42007
-42005
-41997
-41995
-41978
-41966
-41966
-41948
-41948
-41946
-41946
-41923
-41917
-41915
-41909
-41906
-41888
-41873
-41849
-41826
-41798
-41783
-41777
-41771
-41763
-41743
-41742
-41698
-41696
-41692
-41686
-41668
-41653
-41646
-41635
-41627
-41626
-41618
-41614
-41602
-41601
-41580
-41580
-41567
-41566
-41540
-41532
-41530
-41524
-41517
-41510
-41503
-41484
-41454
-41448
-41439
-41429
-41428
-41425
-41413
-41406
-41387
-41358
-41316
-41315
-41314
-41302
-41299
-41297
-41290
-41281
-41277
-41276
-41271
-41232
-41210
-41176
-41148
-41147
-41145
-41138
-41124
-41105
-41105
-41080
-41064
-41062
-41056
-41047
-41032
-41027
-40993
-40976
-40966
-40965
-40953
-40952
-40905
-40896
-40883
-40876
-40870
-40862
-40857
-40852
-40835
-40813
-40796
-40787
-40784
-40774
-40772
-40768
-40749
-40728
-40728
-40726
-40725
-40712
-40708
-40692
-40667
-40658
-40646
-40639
-40635
-40635
-40625
-40623
-40601
-40592
-40584
-40571
-40564
-40563
-40543
-40503
-40496
-40485
-40481
-40475
-40472
-40460
-40432
-40425
-40420
-40387
-40387
-40366
-40364
-40340
-40330
-40321
-40317
-40309
-40307
-40306
-40303
-40300
-40294
-40293
-40283
-40279
-40276
-40272
-40258
-40246
-40243
-40231
-40230
-40229
-40228
-40216
-40142
-40139
-40112
-40102
-40101
-40079
-40029
-40026
-40026
-40016
-40008
-40007
-39971
-39951
-39951
-39949
-39920
-39902
-39883
-39875
-39870
-39866
-39863
-39853
-39853
-39853
-39832
-39826
-39824
-39824
-39822
-39809
-39807
-39799
-39783
-39778
-39765
-39762
-39744
-39734
-39730
-39723
-39720
-39715
-39695
-39692
-39687
-39680
-39659
-39653
-39650
-39639
-39595
-39591
-39572
-39569
-39563
-39552
-39545
-39538
-39534
-39532
-39525
-39510
-39490
-39445
-39439
-39435
-39420
-39419
-39410
-39406
-39386
-39364
-39358
-39338
-39320
-39298
-39296
-39290
-39278
-39278
-39258
-39243
-39218
-39213
-39213
-39211
-39208
-39200
-39200
-39200
-39191
-39160
-39155
-39144
-39140
-39120
-39098
-39082
-39069
-39068
-39068
-39039
-39038
-39022
-39013
-39002
-38999
-38999
-38994
-38994
-38982
-38971
-38966
-38964
-38961
-38958
-38956
-38955
-38953
-38952
-38945
-38942
-38940
-38937
-38936
-38934
-38912
-38896
-38891
-38870
-38869
-38860
-38846
-38837
-38834
-38828
-38822
-38820
-38819
-38803
-38793
-38790
-38774
-38756
-38756
-38738
-38700
-38685
-38678
-38661
-38660
-38634
-38630
-38627
-38617
-38616
-38595
-38591
-38588
-38566
-38564
-38554
-38548
-38547
-38546
-38535
-38532
-38506
-38506
-38503
-38500
-38475
-38471
-38461
-38445
-38436
-38434
-38432
-38407
-38389
-38356
-38340
-38339
-38338
-38334
-38330
-38316
-38294
-38282
-38262
-38258
-38252
-38245
-38238
-38217
-38201
-38196
-38196
-38192
-38186
-38184
-38181
-38176
-38162
-38144
-38140
-38136
-38127
-38125
-38115
-38109
-38067
-38065
-38050
-38046
-38038
-38034
-38026
-38026
-38016
-38007
-37977
-37971
-37931
-37930
-37924
-37901
-37893
-37892
-37891
-37868
-37865
-37859
-37844
-37836
-37821
-37804
-37801
-37798
-37789
-37780
-37754
-37751
-37749
-37748
-37747
-37737
-37715
-37714
-37711
-37701
-37696
-37654
-37646
-37613
-37602
-37585
-37580
-37571
-37563
-37531
-37523
-37522
-37511
-37502
-37489
-37460
-37458
-37453
-37427
-37427
-37421
-37411
-37383
-37380
-37377
-37349
-37339
-37334
-37320
-37311
-37302
-37292
-37290
-37276
-37232
-37230
-37230
-37227
-37226
-37224
-37212
-37211
-37188
-37187
-37181
-37181
-37170
-37165
-37133
-37129
-37118
-37110
-37099
-37098
-37094
-37093
-37062
-37045
-37042
-37038
-37037
-37025
-37018
-37009
-37008
-37005
-37002
-36997
-36992
-36968
-36963
-36960
-36955
-36949
-36947
-36941
-36938
-36923
-36918
-36906
-36902
-36896
-36893
-36892
-36878
-36852
-36835
-36825
-36821
-36821
-36817
-36775
-36775
-36751
-36747
-36747
-36739
-36734
-36730
-36684
-36663
-36659
-36651
-36641
-36633
-36626
-36618
-36607
-36603
-36596
-36594
-36589
-36587
-36584
-36562
-36553
-36545
-36543
-36535
-36517
-36517
-36503
-36489
-36477
-36473
-36467
-36460
-36456
-36434
-36432
-36418
-36413
-36401
-36396
-36388
-36339
-36334
-36327
-36327
-36317
-36303
-36302
-36300
-36297
-36294
-36280
-36271
-36236
-36235
-36219
-36216
-36203
-36197
-36185
-36183
-36179
-36176
-36163
-36162
-36150
-36150
-36147
-36134
-36123
-36120
-36118
-36116
-36101
-36083
-36081
-36066
-36060
-36057
-36041
-36040
-36038
-36023
-36023
-36020
-36007
-35988
-35971
-35968
-35945
-35920
-35915
-35914
-35873
-35868
-35851
-35821
-35808
-35789
-35768
-35759
-35756
-35748
-35738
-35722
-35721
-35714
-35710
-35709
-35690
-35688
-35675
-35668
-35647
-35645
-35643
-35633
-35612
-35609
-35582
-35582
-35573
-35533
-35519
-35518
-35501
-35500
-35486
-35451
-35441
-35434
-35426
-35426
-35422
-35411
-35397
-35388
-35369
-35368
-35361
-35333
-35329
-35328
-35280
-35271
-35244
-35230
-35224
-35223
-35222
-35220
-35204
-35201
-35198
-35196
-35193
-35181
-35172
-35162
-35157
-35141
-35128
-35124
-35122
-35113
-35097
-35097
-35096
-35085
-35075
-35073
-35073
-35072
-35047
-35043
-35025
-35017
-35006
-35005
-34977
-34968
-34959
-34933
-34915
-34904
-34902
-34893
-34880
-34865
-34863
-34857
-34844
-34829
-34829
-34812
-34796
-34772
-34764
-34735
-34735
-34717
-34710
-34706
-34698
-34684
-34680
-34679
-34672
-34668
-34666
-34663
-34639
-34625
-34618
-34597
-34590
-34580
-34553
-34520
-34513
-34510
-34503
-34498
-34495
-34488
-34480
-34468
-34452
-34430
-34422
-34416
-34396
-34373
-34364
-34364
-34355
-34346
-34334
-34306
-34294
-34288
-34272
-34270
-34269
-34260
-34254
-34253
-34246
-34242
-34240
-34234
-34221
-34211
-34193
-34178
-34174
-34166
-34161
-34135
-34123
-34110
-34105
-34096
-34085
-34051
-34050
-34047
-34032
-34021
-34017
-34006
-33981
-33973
-33947
-33942
-33940
-33891
-33881
-33864
-33835
-33824
-33808
-33795
-33776
-33764
-33760
-33759
-33759
-33753
-33739
-33721
-33709
-33681
-33664
-33655
-33649
-33624
-33619
-33601
-33598
-33595
-33567
-33565
-33545
-33542
-33538
-33528
-33520
-33517
-33515
-33511
-33506
-33487
-33475
-33471
-33464
-33461
-33459
-33458
-33449
-33431
-33429
-33425
-33422
-33390
-33389
-33351
-33345
-33315
-33295
-33293
-33292
-33289
-33257
-33254
-33250
-33240
-33239
-33239
-33220
-33218
-33209
-33205
-33187
-33180
-33179
-33178
-33177
-33168
-33167
-33165
-33164
-33147
-33145
-33145
-33143
-33142
-33122
-33111
-33102
-33086
-33083
-33065
-33052
-33049
-33023
-33021
-33021
-33021
-33005
-32996
-32980
-32972
-32968
-32954
-32945
-32936
-32926
-32925
-32919
-32900
-32871
-32866
-32859
-32817
-32815
-32815
-32797
-32796
-32786
-32785
-32777
-32762
-32753
-32751
-32746
-32733
-32730
-32722
-32716
-32713
-32712
-32712
-32687
-32677
-32650
-32644
-32621
-32611
-32608
-32587
-32574
-32570
-32565
-32553
-32553
-32550
-32546
-32544
-32542
-32532
-32527
-32522
-32520
-32514
-32492
-32490
-32486
-32482
-32481
-32476
-32474
-32459
-32456
-32445
-32444
-32433
-32426
-32423
-32422
-32418
-32418
-32403
-32398
-32393
-32388
-32384
-32372
-32362
-32355
-32353
-32347
-32345
-32320
-32294
-32289
-32280
-32270
-32264
-32264
-32262
-32232
-32226
-32219
-32188
-32165
-32151
-32140
-32130
-32107
-32095
-32095
-32085
-32071
-32068
-32061
-32061
-32059
-32059
-32054
-32046
-32035
-32025
-32012
-32002
-31986
-31983
-31978
-31975
-31937
-31936
-31927
-31921
-31897
-31896
-31884
-31876
-31874
-31865
-31849
-31831
-31824
-31824
-31812
-31802
-31796
-31792
-31781
-31775
-31768
-31767
-31755
-31746
-31722
-31720
-31685
-31660
-31660
-31657
-31653
-31645
-31642
-31639
-31611
-31609
-31595
-31589
-31587
-31576
-31571
-31566
-31565
-31549
-31546
-31539
-31532
-31510
-31492
-31491
-31490
-31487
-31484
-31480
-31449
-31436
-31425
-31418
-31407
-31398
-31394
-31391
-31390
-31374
-31362
-31356
-31350
-31340
-31323
-31314
-31313
-31308
-31291
-31278
-31267
-31262
-31222
-31222
-31197
-31186
-31182
-31147
-31141
-31139
-31115
-31112
-31089
-31087
-31078
-31068
-31067
-31066
-31047
-31047
-31033
-31018
-31017
-31013
-31012
-31012
-30968
-30914
-30912
-30912
-30902
-30900
-30899
-30892
-30880
-30877
-30870
-30867
-30851
-30842
-30809
-30806
-30805
-30797
-30781
-30769
-30768
-30760
-30745
-30745
-30740
-30740
-30739
-30739
-30674
-30662
-30649
-30634
-30631
-30628
-30610
-30582
-30576
-30570
-30570
-30563
-30558
-30548
-30538
-30535
-30530
-30530
-30519
-30502
-30478
-30472
-30456
-30454
-30435
-30428
-30427
-30423
-30419
-30405
-30390
-30389
-30350
-30334
-30334
-30319
-30307
-30280
-30269
-30263
-30259
-30249
-30237
-30236
-30234
-30217
-30206
-30196
-30182
-30169
-30165
-30162
-30149
-30146
-30137
-30132
-30132
-30131
-30121
-30116
-30116
-30099
-30087
-30067
-30063
-30042
-30035
-30007
-29986
-29983
-29978
-29956
-29952
-29940
-29939
-29928
-29913
-29896
-29877
-29870
-29861
-29852
-29840
-29831
-29825
-29820
-29816
-29806
-29803
-29800
-29795
-29786
-29786
-29782
-29782
-29781
-29772
-29770
-29770
-29765
-29754
-29753
-29747
-29738
-29726
-29719
-29710
-29689
-29663
-29644
-29643
-29630
-29627
-29622
-29619
-29617
-29609
-29607
-29606
-29562
-29548
-29540
-29536
-29534
-29529
-29513
-29505
-29493
-29465
-29464
-29454
-29447
-29442
-29441
-29437
-29416
-29415
-29412
-29412
-29412
-29407
-29401
-29398
-29397
-29384
-29378
-29369
-29368
-29348
-29345
-29333
-29326
-29312
-29307
-29296
-29296
-29291
-29266
-29265
-29251
-29229
-29219
-29218
-29199
-29190
-29181
-29170
-29160
-29134
-29133
-29133
-29131
-29121
-29091
-29082
-29061
-29061
-29041
-29038
-29036
-29034
-29029
-29022
-29013
-28984
-28983
-28969
-28967
-28961
-28946
-28943
-28942
-28941
-28935
-28929
-28920
-28861
-28857
-28856
-28849
-28836
-28825
-28820
-28820
-28810
-28796
-28788
-28782
-28767
-28751
-28732
-28731
-28721
-28718
-28704
-28694
-28689
-28682
-28679
-28671
-28654
-28654
-28645
-28643
-28640
-28630
-28601
-28569
-28568
-28554
-28550
-28524
-28516
-28515
-28510
-28491
-28491
-28489
-28469
-28464
-28460
-28455
-28454
-28434
-28426
-28423
-28409
-28394
-28378
-28377
-28376
-28366
-28365
-28348
-28335
-28329
-28322
-28308
-28298
-28280
-28273
-28270
-28267
-28249
-28248
-28246
-28244
-28240
-28227
-28225
-28220
-28219
-28202
-28186
-28180
-28164
-28163
-28163
-28158
-28157
-28145
-28143
-28140
-28139
-28129
-28114
-28114
-28102
-28084
-28082
-28078
-28075
-28061
-28060
-28040
-28031
-28007
-27998
-27994
-27966
-27946
-27939
-27938
-27936
-27933
-27931
-27918
-27905
-27891
-27891
-27883
-27883
-27860
-27850
-27840
-27839
-27829
-27812
-27810
-27810
-27804
-27787
-27783
-27779
-27775
-27767
-27767
-27762
-27735
-27729
-27725
-27715
-27713
-27704
-27701
-27700
-27699
-27698
-27696
-27693
-27688
-27687
-27681
-27674
-27667
-27650
-27648
-27642
-27638
-27637
-27629
-27626
-27614
-27608
-27566
-27559
-27549
-27544
-27522
-27518
-27511
-27499
-27498
-27497
-27490
-27485
-27484
-27463
-27452
-27450
-27444
-27444
-27443
-27418
-27398
-27381
-27376
-27363
-27353
-27348
-27348
-27322
-27303
-27302
-27297
-27294
-27271
-27241
-27238
-27237
-27230
-27221
-27212
-27172
-27156
-27118
-27118
-27115
-27110
-27110
-27107
-27101
-27101
-27088
-27083
-27083
-27047
-27037
-27024
-27023
-27015
-27014
-26989
-26980
-26977
-26973
-26971
-26949
-26947
-26941
-26938
-26937
-26932
-26924
-26919
-26901
-26892
-26886
-26882
-26873
-26872
-26864
-26813
-26810
-26808
-26798
-26795
-26794
-26782
-26766
-26721
-26719
-26716
-26707
-26700
-26699
-26694
-26694
-26692
-26688
-26678
-26677
-26654
-26648
-26646
-26622
-26620
-26620
-26599
-26578
-26568
-26563
-26561
-26560
-26559
-26544
-26533
-26532
-26526
-26523
-26521
-26517
-26509
-26502
-26492
-26487
-26486
-26484
-26478
-26478
-26475
-26452
-26452
-26448
-26442
-26437
-26427
-26398
-26397
-26393
-26388
-26356
-26329
-26323
-26320
-26310
-26308
-26307
-26304
-26284
-26253
-26243
-26233
-26221
-26207
-26195
-26187
-26174
-26171
-26161
-26161
-26149
-26149
-26147
-26139
-26131
-26122
-26119
-26105
-26094
-26071
-26056
-26056
-26047
-26043
-26037
-26019
-26012
-26010
-26010
-25986
-25972
-25965
-25962
-25962
-25950
-25947
-25927
-25920
-25914
-25909
-25908
-25855
-25836
-25829
-25810
-25809
-25801
-25784
-25775
-25775
-25763
-25754
-25735
-25735
-25731
-25727
-25727
-25727
-25714
-25692
-25683
-25673
-25661
-25655
-25646
-25642
-25628
-25615
-25611
-25609
-25602
-25599
-25592
-25575
-25565
-25538
-25537
-25537
-25501
-25496
-25494
-25484
-25474
-25456
-25454
-25452
-25448
-25424
-25416
-25387
-25381
-25353
-25351
-25301
-25298
-25296
-25261
-25253
-25247
-25235
-25234
-25225
-25224
-25213
-25195
-25189
-25179
-25156
-25154
-25133
-25108
-25094
-25084
-25058
-25056
-25052
-25034
-25021
-24994
-24986
-24975
-24949
-24944
-24935
-24921
-24913
-24899
-24893
-24878
-24874
-24863
-24853
-24836
-24816
-24810
-24791
-24791
-24788
-24779
-24778
-24771
-24769
-24768
-24743
-24742
-24742
-24741
-24725
-24708
-24696
-24692
-24687
-24685
-24684
-24671
-24658
-24642
-24639
-24628
-24622
-24610
-24609
-24606
-24603
-24584
-24580
-24572
-24565
-24562
-24560
-24546
-24537
-24530
-24521
-24520
-24519
-24501
-24447
-24443
-24440
-24399
-24396
-24396
-24369
-24367
-24366
-24323
-24323
-24305
-24293
-24292
-24290
-24280
-24270
-24255
-24242
-24235
-24230
-24230
-24212
-24210
-24210
-24201
-24192
-24183
-24164
-24155
-24150
-24149
-24122
-24111
-24103
-24093
-24085
-24072
-24054
-24050
-24050
-24043
-24042
-24024
-24012
-24008
-23993
-23991
-23990
-23987
-23971
-23967
-23958
-23957
-23951
-23926
-23916
-23911
-23885
-23879
-23861
-23861
-23857
-23857
-23845
-23827
-23826
-23811
-23802
-23795
-23790
-23785
-23782
-23775
-23734
-23725
-23725
-23723
-23718
-23705
-23699
-23693
-23692
-23675
-23674
-23668
-23651
-23650
-23648
-23641
-23640
-23636
-23601
-23600
-23585
-23552
-23532
-23509
-23498
-23496
-23493
-23493
-23488
-23471
-23449
-23440
-23437
-23424
-23422
-23415
-23413
-23411
-23390
-23372
-23370
-23363
-23327
-23321
-23318
-23316
-23310
-23294
-23287
-23283
-23271
-23261
-23255
-23252
-23244
-23243
-23239
-23234
-23221
-23211
-23210
-23201
-23191
-23182
-23161
-23161
-23135
-23132
-23109
-23105
-23099
-23080
-23065
-23061
-23054
-23051
-23046
-23032
-23010
-22990
-22987
-22973
-22967
-22944
-22914
-22913
-22911
-22897
-22883
-22872
-22871
-22870
-22863
-22840
-22833
-22829
-22828
-22801
-22797
-22796
-22771
-22747
-22734
-22719
-22701
-22697
-22696
-22669
-22653
-22642
-22614
-22610
-22599
-22599
-22587
-22550
-22540
-22529
-22528
-22525
-22514
-22507
-22472
-22469
-22463
-22463
-22457
-22444
-22430
-22426
-22415
-22401
-22394
-22390
-22373
-22364
-22345
-22330
-22309
-22289
-22287
-22285
-22277
-22265
-22257
-22249
-22225
-22219
-22199
-22196
-22195
-22194
-22186
-22173
-22159
-22158
-22149
-22104
-22098
-22086
-22068
-22061
-22059
-22059
-22051
-22034
-22020
-21999
-21998
-21983
-21973
-21963
-21951
-21945
-21944
-21942
-21939
-21936
-21927
-21917
-21915
-21894
-21888
-21886
-21882
-21870
-21854
-21854
-21847
-21831
-21829
-21824
-21806
-21803
-21798
-21795
-21788
-21774
-21766
-21751
-21745
-21743
-21736
-21734
-21730
-21715
-21709
-21698
-21665
-21664
-21662
-21658
-21657
-21628
-21611
-21607
-21602
-21594
-21590
-21585
-21575
-21574
-21573
-21564
-21563
-21559
-21549
-21548
-21540
-21540
-21527
-21516
-21503
-21488
-21483
-21475
-21472
-21447
-21437
-21433
-21417
-21405
-21401
-21398
-21386
-21385
-21384
-21358
-21354
-21343
-21327
-21321
-21321
-21309
-21300
-21294
-21282
-21271
-21271
-21270
-21268
-21258
-21258
-21253
-21228
-21214
-21197
-21194
-21182
-21157
-21156
-21154
-21153
-21151
-21133
-21106
-21077
-21071
-21055
-21045
-21040
-21016
-20983
-20978
-20968
-20962
-20961
-20960
-20944
-20943
-20927
-20922
-20908
-20876
-20875
-20861
-20853
-20850
-20818
-20808
-20792
-20780
-20764
-20759
-20756
-20735
-20716
-20715
-20708
-20704
-20691
-20690
-20689
-20683
-20669
-20659
-20658
-20628
-20626
-20590
-20582
-20562
-20520
-20506
-20501
-20494
-20491
-20488
-20487
-20480
-20466
-20460
-20442
-20432
-20421
-20412
-20405
-20391
-20365
-20335
-20331
-20321
-20315
-20309
-20291
-20289
-20281
-20281
-20275
-20248
-20248
-20245
-20242
-20218
-20215
-20211
-20211
-20209
-20192
-20181
-20174
-20174
-20173
-20161
-20158
-20154
-20152
-20125
-20121
-20119
-20111
-20095
-20094
-20090
-20049
-20048
-20045
-20038
-20034
-20028
-19961
-19948
-19947
-19944
-19936
-19933
-19931
-19926
-19922
-19921
-19901
-19900
-19870
-19849
-19840
-19829
-19819
-19803
-19778
-19752
-19745
-19735
-19734
-19732
-19693
-19668
-19661
-19659
-19655
-19632
-19630
-19628
-19623
-19604
-19592
-19586
-19571
-19560
-19544
-19543
-19528
-19519
-19509
-19479
-19476
-19459
-19458
-19455
-19453
-19449
-19440
-19420
-19417
-19404
-19400
-19398
-19398
-19396
-19384
-19378
-19371
-19371
-19351
-19349
-19325
-19309
-19302
-19293
-19286
-19263
-19259
-19257
-19255
-19255
-19252
-19248
-19246
-19198
-19193
-19182
-19181
-19180
-19174
-19165
-19154
-19118
-19081
-19078
-19075
-19071
-19046
-19043
-19039
-19037
-19030
-19018
-19013
-18984
-18945
-18944
-18932
-18931
-18921
-18912
-18911
-18899
-18896
-18872
-18866
-18860
-18855
-18845
-18813
-18806
-18796
-18791
-18788
-18784
-18781
-18781
-18780
-18779
-18777
-18769
-18751
-18738
-18737
-18710
-18704
-18698
-18684
-18680
-18672
-18657
-18638
-18635
-18625
-18621
-18603
-18600
-18594
-18586
-18581
-18568
-18536
-18509
-18495
-18486
-18483
-18479
-18464
-18462
-18443
-18436
-18432
-18430
-18414
-18413
-18411
-18390
-18385
-18365
-18363
-18340
-18339
-18322
-18309
-18286
-18269
-18252
-18230
-18224
-18212
-18187
-18183
-18172
-18148
-18126
-18122
-18114
-18095
-18094
-18078
-18077
-18075
-18060
-18057
-18052
-18038
-18019
-18017
-18002
-17993
-17990
-17967
-17959
-17948
-17946
-17935
-17920
-17895
-17875
-17871
-17864
-17854
-17846
-17836
-17828
-17823
-17822
-17813
-17810
-17809
-17804
-17787
-17775
-17774
-17771
-17768
-17766
-17755
-17737
-17736
-17728
-17723
-17719
-17717
-17716
-17713
-17712
-17688
-17655
-17651
-17650
-17648
-17640
-17640
-17623
-17609
-17605
-17599
-17590
-17586
-17570
-17563
-17562
-17554
-17547
-17547
-17543
-17536
-17530
-17526
-17489
-17484
-17471
-17457
-17451
-17434
-17422
-17397
-17376
-17344
-17332
-17321
-17316
-17314
-17308
-17281
-17255
-17249
-17238
-17231
-17224
-17192
-17155
-17148
-17148
-17128
-17115
-17110
-17080
-17072
-17066
-17059
-17055
-17049
-17045
-17040
-17011
-17008
-16994
-16992
-16989
-16973
-16969
-16956
-16951
-16924
-16923
-16908
-16877
-16867
-16860
-16859
-16858
-16856
-16855
-16833
-16829
-16828
-16821
-16815
-16812
-16790
-16760
-16756
-16753
-16743
-16734
-16728
-16728
-16719
-16714
-16709
-16660
-16659
-16657
-16652
-16630
-16629
-16627
-16594
-16592
-16592
-16579
-16577
-16570
-16554
-16553
-16550
-16536
-16528
-16521
-16498
-16494
-16481
-16476
-16475
-16471
-16459
-16442
-16438
-16435
-16428
-16424
-16423
-16420
-16413
-16412
-16410
-16409
-16403
-16391
-16388
-16385
-16375
-16371
-16363
-16330
-16326
-16300
-16283
-16279
-16276
-16255
-16248
-16238
-16230
-16210
-16180
-16178
-16177
-16167
-16165
-16161
-16157
-16145
-16124
-16109
-16105
-16095
-16091
-16082
-16075
-16067
-16065
-16047
-16017
-16013
-16006
-16002
-15997
-15995
-15981
-15978
-15969
-15957
-15955
-15954
-15952
-15936
-15933
-15933
-15914
-15909
-15894
-15883
-15878
-15873
-15858
-15857
-15856
-15843
-15839
-15836
-15828
-15826
-15816
-15785
-15785
-15782
-15776
-15774
-15765
-15758
-15754
-15744
-15719
-15710
-15695
-15689
-15674
-15670
-15667
-15644
-15628
-15601
-15596
-15591
-15589
-15582
-15574
-15555
-15546
-15529
-15524
-15516
-15516
-15512
-15506
-15505
-15458
-15427
-15424
-15406
-15398
-15393
-15365
-15360
-15357
-15353
-15353
-15332
-15301
-15283
-15275
-15260
-15255
-15254
-15251
-15251
-15233
-15226
-15216
-15211
-15205
-15195
-15185
-15180
-15180
-15155
-15153
-15148
-15144
-15129
-15111
-15080
-15067
-15066
-15046
-15036
-15031
-15025
-15020
-15008
-14992
-14945
-14943
-14939
-14939
-14934
-14921
-14917
-14906
-14904
-14898
-14898
-14853
-14834
-14821
-14819
-14816
-14810
-14807
-14805
-14804
-14796
-14781
-14771
-14764
-14733
-14733
-14728
-14713
-14706
-14700
-14690
-14688
-14680
-14669
-14668
-14663
-14631
-14625
-14621
-14618
-14604
-14601
-14584
-14577
-14576
-14544
-14542
-14535
-14526
-14525
-14514
-14513
-14508
-14501
-14499
-14472
-14466
-14464
-14440
-14427
-14422
-14419
-14419
-14418
-14345
-14334
-14300
-14296
-14275
-14271
-14266
-14262
-14255
-14220
-14219
-14212
-14170
-14154
-14136
-14121
-14110
-14108
-14100
-14086
-14077
-14067
-14051
-14034
-14027
-14022
-14019
-13978
-13968
-13955
-13949
-13930
-13930
-13917
-13913
-13905
-13891
-13845
-13843
-13842
-13839
-13837
-13823
-13808
-13785
-13776
-13773
-13773
-13751
-13743
-13736
-13716
-13714
-13714
-13709
-13697
-13686
-13679
-13677
-13675
-13655
-13638
-13625
-13620
-13612
-13607
-13594
-13577
-13570
-13561
-13536
-13534
-13526
-13501
-13499
-13483
-13471
-13470
-13469
-13469
-13468
-13443
-13432
-13409
-13400
-13397
-13382
-13374
-13369
-13364
-13342
-13332
-13331
-13327
-13321
-13318
-13275
-13273
-13268
-13253
-13240
-13239
-13222
-13215
-13195
-13187
-13160
-13159
-13157
-13152
-13144
-13142
-13142
-13138
-13133
-13122
-13112
-13112
-13108
-13098
-13039
-13016
-13014
-12996
-12990
-12978
-12974
-12973
-12971
-12937
-12931
-12927
-12921
-12920
-12920
-12918
-12900
-12883
-12857
-12850
-12849
-12830
-12791
-12771
-12741
-12729
-12690
-12683
-12679
-12659
-12641
-12604
-12598
-12585
-12584
-12564
-12554
-12522
-12510
-12509
-12478
-12469
-12448
-12431
-12431
-12431
-12425
-12416
-12402
-12396
-12376
-12362
-12349
-12344
-12328
-12316
-12307
-12305
-12297
-12281
-12281
-12263
-12261
-12246
-12245
-12235
-12232
-12183
-12176
-12172
-12145
-12123
-12103
-12099
-12073
-12066
-12065
-12065
-12052
-12040
-12020
-12020
-12013
-12005
-11997
-11996
-11950
-11936
-11925
-11909
-11906
-11886
-11860
-11854
-11840
-11839
-11837
-11803
-11801
-11790
-11771
-11765
-11732
-11731
-11713
-11712
-11703
-11689
-11679
-11618
-11603
-11591
-11585
-11582
-11572
-11570
-11567
-11564
-11563
-11558
-11548
-11528
-11526
-11519
-11516
-11503
-11500
-11499
-11495
-11490
-11486
-11473
-11472
-11467
-11460
-11458
-11455
-11430
-11413
-11411
-11405
-11386
-11383
-11360
-11357
-11352
-11340
-11321
-11317
-11313
-11313
-11303
-11296
-11295
-11293
-11283
-11267
-11257
-11256
-11256
-11253
-11230
-11222
-11219
-11204
-11200
-11195
-11195
-11193
-11167
-11162
-11156
-11147
-11141
-11140
-11135
-11131
-11105
-11096
-11087
-11081
-11078
-11077
-11067
-11064
-11061
-11047
-11038
-11029
-11028
-11021
-11002
-10985
-10975
-10964
-10961
-10948
-10947
-10937
-10923
-10915
-10910
-10898
-10885
-10875
-10874
-10870
-10847
-10845
-10836
-10829
-10813
-10812
-10803
-10803
-10799
-10777
-10765
-10753
-10738
-10735
-10701
-10700
-10688
-10680
-10673
-10672
-10657
-10650
-10632
-10611
-10593
-10590
-10587
-10574
-10570
-10567
-10562
-10557
-10551
-10531
-10512
-10490
-10470
-10457
-10457
-10456
-10453
-10438
-10427
-10419
-10419
-10408
-10404
-10393
-10391
-10384
-10370
-10337
-10337
-10324
-10319
-10317
-10306
-10298
-10297
-10292
-10287
-10286
-10275
-10264
-10264
-10260
-10249
-10239
-10238
-10228
-10226
-10207
-10189
-10168
-10166
-10124
-10109
-10057
-10056
-10050
-10045
-10027
-10025
-10021
-10006
-9999
-9994
-9982
-9954
-9953
-9949
-9946
-9945
-9920
-9913
-9910
-9908
-9897
-9896
-9896
-9893
-9891
-9856
-9824
-9801
-9799
-9766
-9763
-9746
-9743
-9734
-9729
-9728
-9728
-9723
-9717
-9713
-9691
-9686
-9683
-9675
-9672
-9668
-9661
-9658
-9648
-9631
-9623
-9618
-9612
-9608
-9593
-9569
-9554
-9514
-9507
-9504
-9471
-9469
-9463
-9459
-9454
-9449
-9417
-9364
-9356
-9351
-9337
-9311
-9305
-9293
-9284
-9269
-9269
-9265
-9262
-9238
-9231
-9217
-9213
-9212
-9206
-9193
-9193
-9190
-9179
-9173
-9166
-9118
-9116
-9102
-9099
-9093
-9081
-9074
-9062
-9059
-9053
-9050
-9048
-9043
-9017
-9004
-8999
-8993
-8993
-8988
-8985
-8961
-8948
-8945
-8945
-8939
-8937
-8931
-8929
-8925
-8911
-8907
-8896
-8873
-8873
-8839
-8835
-8821
-8806
-8805
-8798
-8783
-8781
-8769
-8769
-8762
-8759
-8757
-8748
-8735
-8734
-8728
-8727
-8724
-8711
-8710
-8684
-8633
-8630
-8616
-8602
-8599
-8597
-8595
-8591
-8587
-8582
-8579
-8575
-8542
-8540
-8533
-8524
-8514
-8508
-8486
-8473
-8472
-8472
-8451
-8444
-8444
-8439
-8430
-8419
-8402
-8384
-8381
-8380
-8380
-8366
-8366
-8364
-8327
-8316
-8316
-8313
-8312
-8309
-8307
-8302
-8301
-8291
-8273
-8267
-8249
-8222
-8211
-8209
-8198
-8197
-8196
-8195
-8191
-8177
-8175
-8153
-8140
-8124
-8120
-8114
-8113
-8108
-8104
-8062
-8047
-8044
-8038
-8036
-8017
-7996
-7993
-7989
-7989
-7988
-7985
-7978
-7974
-7964
-7942
-7937
-7922
-7920
-7908
-7905
-7902
-7899
-7887
-7879
-7866
-7858
-7856
-7850
-7831
-7830
-7824
-7823
-7821
-7805
-7803
-7797
-7783
-7782
-7781
-7778
-7769
-7764
-7740
-7738
-7726
-7725
-7715
-7712
-7659
-7655
-7650
-7640
-7638
-7624
-7620
-7616
-7607
-7552
-7518
-7484
-7471
-7468
-7466
-7464
-7453
-7439
-7437
-7397
-7397
-7390
-7378
-7369
-7367
-7348
-7342
-7337
-7331
-7292
-7284
-7262
-7255
-7254
-7236
-7234
-7227
-7218
-7201
-7176
-7175
-7172
-7162
-7158
-7150
-7128
-7102
-7096
-7091
-7083
-7075
-7070
-7064
-7040
-7033
-7014
-7006
-7005
-6998
-6995
-6990
-6965
-6955
-6953
-6939
-6931
-6926
-6925
-6898
-6895
-6889
-6870
-6858
-6805
-6786
-6772
-6751
-6747
-6739
-6706
-6702
-6683
-6681
-6681
-6661
-6659
-6643
-6622
-6619
-6618
-6607
-6606
-6601
-6599
-6598
-6551
-6544
-6532
-6530
-6529
-6508
-6502
-6500
-6478
-6471
-6470
-6450
-6437
-6427
-6396
-6396
-6376
-6363
-6362
-6362
-6348
-6335
-6330
-6330
-6288
-6278
-6275
-6273
-6262
-6260
-6253
-6245
-6208
-6205
-6202
-6185
-6180
-6179
-6171
-6163
-6153
-6153
-6121
-6112
-6111
-6110
-6107
-6095
-6078
-6066
-6061
-6047
-6045
-6017
-6015
-6013
-6013
-6013
-6004
-5995
-5990
-5990
-5987
-5984
-5978
-5960
-5959
-5951
-5950
-5949
-5946
-5944
-5941
-5906
-5885
-5884
-5880
-5877
-5861
-5848
-5847
-5845
-5845
-5842
-5839
-5825
-5820
-5818
-5814
-5810
-5807
-5785
-5784
-5779
-5771
-5770
-5751
-5750
-5735
-5718
-5708
-5708
-5684
-5675
-5673
-5671
-5628
-5628
-5608
-5605
-5600
-5593
-5593
-5570
-5540
-5507
-5488
-5469
-5466
-5446
-5445
-5431
-5430
-5427
-5405
-5351
-5339
-5332
-5322
-5309
-5306
-5275
-5268
-5242
-5228
-5220
-5216
-5203
-5160
-5156
-5148
-5119
-5113
-5112
-5099
-5093
-5086
-5078
-5067
-5066
-5060
-5050
-5046
-5045
-5043
-5036
-5035
-5020
-5007
-5005
-5001
-5001
-4997
-4974
-4971
-4966
-4951
-4938
-4919
-4909
-4868
-4867
-4850
-4797
-4796
-4790
-4784
-4779
-4775
-4770
-4768
-4762
-4758
-4755
-4750
-4749
-4737
-4733
-4711
-4705
-4702
-4697
-4695
-4683
-4681
-4681
-4674
-4667
-4659
-4653
-4637
-4636
-4629
-4629
-4615
-4596
-4592
-4587
-4584
-4579
-4571
-4565
-4559
-4557
-4499
-4496
-4494
-4485
-4481
-4481
-4474
-4471
-4463
-4449
-4448
-4432
-4416
-4403
-4401
-4398
-4381
-4362
-4348
-4334
-4327
-4327
-4325
-4303
-4292
-4290
-4278
-4263
-4262
-4255
-4238
-4229
-4223
-4220
-4209
-4202
-4199
-4195
-4192
-4186
-4186
-4170
-4165
-4164
-4162
-4161
-4160
-4157
-4131
-4126
-4125
-4099
-4085
-4070
-4036
-4031
-4023
-4019
-4015
-4010
-3995
-3982
-3963
-3933
-3921
-3905
-3902
-3872
-3870
-3853
-3822
-3808
-3802
-3799
-3783
-3782
-3767
-3758
-3714
-3712
-3689
-3662
-3642
-3639
-3639
-3627
-3626
-3622
-3608
-3603
-3569
-3566
-3565
-3561
-3547
-3522
-3518
-3515
-3489
-3485
-3484
-3484
-3476
-3447
-3447
-3425
-3420
-3407
-3403
-3379
-3379
-3378
-3364
-3358
-3336
-3333
-3324
-3323
-3311
-3307
-3297
-3285
-3249
-3237
-3233
-3223
-3222
-3215
-3209
-3163
-3155
-3150
-3140
-3125
-3112
-3104
-3095
-3067
-3054
-3051
-3041
-3039
-3030
-3027
-3018
-3011
-3006
-2990
-2982
-2966
-2954
-2935
-2930
-2926
-2915
-2912
-2894
-2891
-2885
-2881
-2869
-2848
-2839
-2835
-2821
-2817
-2800
-2799
-2799
-2793
-2778
-2762
-2760
-2729
-2721
-2704
-2673
-2656
-2635
-2618
-2613
-2567
-2559
-2555
-2550
-2535
-2531
-2530
-2528
-2523
-2521
-2512
-2503
-2493
-2477
-2457
-2448
-2438
-2437
-2432
-2424
-2393
-2371
-2363
-2362
-2362
-2360
-2360
-2342
-2307
-2305
-2292
-2292
-2291
-2276
-2272
-2260
-2255
-2233
-2222
-2208
-2207
-2192
-2188
-2187
-2177
-2172
-2167
-2163
-2155
-2149
-2128
-2128
-2124
-2112
-2110
-2096
-2081
-2078
-2076
-2071
-2063
-2061
-2061
-2058
-2043
-2028
-2006
-1983
-1963
-1957
-1957
-1953
-1939
-1917
-1910
-1889
-1879
-1872
-1869
-1869
-1858
-1848
-1847
-1842
-1837
-1819
-1819
-1816
-1812
-1804
-1776
-1750
-1745
-1717
-1703
-1703
-1699
-1683
-1683
-1641
-1639
-1636
-1633
-1626
-1623
-1616
-1611
-1597
-1583
-1578
-1574
-1563
-1557
-1532
-1523
-1511
-1510
-1496
-1492
-1463
-1438
-1435
-1433
-1430
-1421
-1411
-1353
-1349
-1348
-1343
-1328
-1327
-1307
-1303
-1291
-1285
-1278
-1272
-1272
-1265
-1247
-1228
-1217
-1216
-1213
-1212
-1206
-1166
-1141
-1141
-1127
-1090
-1073
-1069
-1062
-1059
-1040
-1034
-1024
-1022
-1004
-1000
-994
-987
-981
-972
-961
-957
-945
-910
-904
-889
-886
-877
-876
-872
-856
-856
-811
-778
-768
-757
-736
-735
-728
-726
-716
-696
-690
-685
-683
-677
-674
-664
-635
-622
-574
-564
-551
-551
-548
-548
-547
-542
-540
-530
-522
-509
-509
-500
-494
-483
-482
-475
-471
-469
-459
-431
-427
-426
-415
-411
-384
-382
-372
-366
-354
-344
-341
-333
-329
-318
-272
-272
-269
-265
-255
-250
-250
-234
-227
-203
-178
-154
-145
-143
-137
-135
-121
-113
-93
-59
-52
-14
-9
14
18
26
33
36
49
50
59
60
79
91
96
107
115
130
153
158
184
193
195
212
214
218
219
233
234
258
261
267
282
284
289
301
311
312
316
317
324
340
348
365
378
379
408
415
420
423
423
429
442
451
453
461
478
490
490
517
527
538
538
541
550
568
578
608
626
634
649
653
655
669
700
704
714
717
736
747
749
761
772
773
783
796
802
813
818
821
834
846
860
869
869
875
878
881
884
887
908
915
917
933
943
959
962
970
983
984
984
985
988
990
994
1013
1024
1046
1048
1056
1061
1080
1085
1103
1114
1115
1116
1119
1149
1181
1188
1201
1204
1218
1225
1233
1239
1254
1257
1272
1274
1318
1336
1341
1351
1358
1361
1361
1364
1369
1373
1380
1394
1408
1420
1434
1449
1451
1452
1468
1469
1469
1479
1492
1503
1508
1508
1521
1532
1549
1552
1585
1644
1671
1682
1772
1810
1835
1840
1844
1855
1857
1857
1875
1877
1881
1884
1902
1902
1912
1917
1927
1936
1941
1945
1948
1957
1971
1986
1994
2002
2007
2021
2062
2065
2071
2078
2096
2099
2104
2109
2115
2115
2127
2130
2135
2163
2170
2189
2193
2202
2210
2210
2212
2233
2235
2247
2250
2267
2268
2278
2325
2326
2351
2357
2371
2376
2379
2382
2408
2438
2458
2483
2491
2496
2497
2510
2524
2529
2533
2537
2542
2551
2551
2581
2584
2584
2603
2605
2614
2634
2634
2639
2641
2655
2657
2664
2665
2699
2708
2718
2727
2742
2746
2760
2762
2767
2769
2778
2783
2786
2788
2792
2827
2830
2837
2838
2840
2849
2876
2882
2889
2897
2908
2925
2979
2983
2987
2994
3014
3021
3033
3036
3043
3044
3051
3058
3061
3081
3084
3085
3088
3090
3108
3135
3147
3157
3205
3224
3257
3257
3262
3268
3271
3275
3275
3276
3279
3284
3292
3319
3322
3327
3336
3346
3355
3360
3367
3389
3399
3402
3422
3425
3427
3434
3442
3449
3452
3460
3480
3502
3516
3526
3548
3550
3564
3594
3601
3617
3624
3644
3649
3661
3666
3669
3671
3673
3689
3710
3731
3742
3744
3745
3748
3761
3771
3790
3803
3805
3805
3823
3833
3845
3852
3856
3864
3891
3900
3900
3904
3933
3940
3940
3953
3959
3971
3977
3982
3994
3998
3999
4001
4020
4032
4039
4056
4075
4079
4086
4116
4127
4141
4143
4161
4183
4197
4197
4214
4214
4227
4236
4274
4283
4291
4293
4318
4327
4329
4331
4386
4412
4413
4434
4439
4443
4449
4454
4471
4487
4489
4499
4500
4508
4511
4511
4524
4527
4530
4533
4534
4557
4558
4562
4570
4579
4591
4594
4605
4613
4621
4629
4639
4661
4671
4672
4673
4688
4689
4695
4716
4733
4739
4740
4744
4745
4757
4766
4770
4799
4803
4817
4822
4828
4828
4829
4833
4836
4843
4858
4860
4863
4864
4866
4883
4887
4905
4908
4920
4926
4936
4947
4955
4998
5006
5030
5032
5048
5073
5087
5097
5126
5126
5168
5168
5171
5188
5222
5222
5229
5242
5246
5262
5270
5271
5272
5285
5297
5297
5300
5308
5310
5312
5333
5356
5360
5418
5419
5433
5435
5441
5444
5447
5471
5478
5487
5496
5503
5515
5525
5531
5546
5562
5569
5594
5598
5603
5606
5637
5638
5651
5656
5659
5664
5668
5681
5714
5719
5721
5731
5753
5754
5762
5791
5795
5806
5830
5847
5858
5864
5873
5883
5913
5927
5928
5932
5953
5953
5954
5980
5981
5985
6011
6020
6024
6047
6048
6052
6064
6064
6065
6065
6089
6114
6119
6123
6141
6152
6169
6178
6189
6190
6210
6215
6231
6232
6241
6255
6258
6263
6271
6297
6307
6312
6314
6317
6324
6326
6339
6351
6351
6357
6358
6361
6365
6384
6390
6394
6400
6406
6412
6431
6448
6456
6460
6470
6473
6474
6484
6485
6495
6515
6520
6525
6530
6533
6539
6545
6556
6570
6576
6585
6587
6602
6608
6635
6645
6648
6653
6660
6686
6702
6702
6703
6707
6717
6719
6719
6776
6777
6809
6815
6824
6829
6838
6838
6880
6883
6907
6919
6921
6934
6957
6964
6974
6977
6999
6999
7015
7036
7036
7053
7056
7062
7064
7066
7070
7071
7102
7115
7149
7152
7159
7161
7165
7165
7171
7199
7225
7236
7242
7264
7267
7270
7287
7304
7315
7323
7324
7325
7338
7345
7365
7365
7390
7394
7406
7455
7458
7466
7474
7482
7488
7506
7508
7520
7526
7527
7533
7535
7561
7565
7565
7574
7607
7610
7616
7628
7637
7640
7662
7677
7680
7685
7690
7705
7728
7737
7752
7764
7770
7780
7782
7787
7804
7808
7811
7819
7828
7834
7841
7850
7854
7915
7921
7933
7938
7963
7973
7980
7981
7981
7993
8034
8034
8046
8049
8057
8070
8085
8120
8130
8138
8154
8156
8164
8168
8174
8179
8180
8195
8208
8209
8213
8213
8214
8219
8221
8224
8225
8243
8250
8253
8258
8262
8267
8275
8283
8310
8312
8325
8341
8348
8373
8377
8386
8400
8400
8402
8470
8471
8484
8489
8495
8504
8511
8517
8520
8521
8529
8550
8551
8575
8601
8615
8616
8624
8645
8649
8677
8682
8699
8704
8705
8717
8718
8733
8741
8753
8765
8765
8765
8766
8768
8781
8793
8826
8830
8841
8842
8848
8850
8852
8871
8880
8881
8888
8898
8906
8938
8940
8940
8946
8966
8977
8978
9008
9025
9028
9047
9066
9072
9095
9097
9097
9100
9136
9159
9162
9169
9170
9171
9184
9189
9189
9201
9203
9223
9240
9256
9280
9312
9319
9330
9333
9341
9345
9348
9348
9358
9364
9380
9382
9388
9407
9408
9418
9422
9439
9445
9449
9451
9460
9467
9483
9487
9501
9537
9538
9539
9543
9548
9549
9570
9594
9601
9603
9613
9627
9638
9639
9656
9666
9669
9671
9678
9680
9690
9690
9701
9704
9719
9742
9742
9747
9774
9775
9775
9785
9791
9823
9825
9838
9844
9846
9879
9881
9882
9904
9927
9944
9967
9969
9969
9980
9993
10001
10020
10039
10044
10047
10051
10064
10072
10076
10103
10133
10134
10140
10152
10159
10183
10190
10217
10223
10224
10231
10240
10241
10260
10281
10289
10295
10304
10328
10339
10341
10343
10356
10394
10414
10414
10424
10431
10432
10441
10448
10449
10478
10479
10479
10486
10496
10503
10504
10508
10511
10523
10528
10541
10546
10548
10553
10580
10589
10593
10614
10624
10636
10643
10681
10685
10717
10728
10775
10785
10787
10794
10810
10810
10826
10833
10836
10846
10848
10869
10881
10886
10888
10891
10920
10929
10931
10942
10950
10966
10974
10986
10999
11002
11020
11021
11034
11046
11059
11063
11074
11081
11094
11094
11097
11097
11109
11116
11127
11127
11149
11160
11168
11186
11191
11191
11222
11222
11244
11248
11255
11264
11274
11277
11287
11303
11315
11331
11331
11338
11339
11360
11364
11377
11377
11379
11408
11444
11456
11473
11519
11529
11533
11583
11598
11606
11628
11633
11634
11642
11648
11651
11676
11705
11711
11716
11728
11730
11742
11743
11758
11776
11785
11798
11801
11807
11815
11815
11816
11824
11862
11864
11864
11875
11876
11876
11883
11887
11888
11914
11917
11921
11922
11934
11943
11944
11954
11956
11957
11969
11980
11983
11990
12002
12006
12009
12013
12014
12024
12024
12040
12052
12057
12058
12059
12071
12071
12073
12086
12097
12107
12124
12125
12138
12139
12151
12155
12171
12177
12184
12185
12199
12207
12218
12223
12226
12260
12261
12281
12282
12291
12307
12308
12309
12317
12321
12344
12350
12356
12358
12366
12367
12377
12391
12394
12395
12402
12411
12413
12433
12439
12445
12446
12482
12490
12490
12498
12530
12547
12568
12584
12593
12603
12603
12610
12621
12629
12630
12639
12642
12652
12663
12664
12667
12710
12716
12725
12735
12741
12751
12751
12755
12770
12791
12798
12820
12821
12826
12828
12829
12832
12832
12845
12846
12847
12857
12896
12899
12903
12906
12913
12957
12962
12966
12984
12990
12994
13005
13018
13019
13023
13028
13033
13035
13035
13052
13056
13057
13064
13083
13084
13086
13110
13115
13119
13125
13127
13136
13137
13141
13143
13149
13158
13160
13220
13233
13238
13255
13259
13262
13267
13271
13272
13312
13318
13329
13331
13334
13335
13339
13367
13383
13390
13437
13438
13438
13444
13454
13474
13475
13484
13496
13497
13515
13530
13539
13551
13569
13598
13612
13624
13647
13648
13657
13660
13662
13675
13685
13701
13706
13708
13720
13738
13767
13770
13772
13803
13810
13820
13848
13857
13858
13862
13868
13892
13903
13907
13910
13915
13926
13928
13931
13933
13971
13973
13995
13995
13999
14025
14043
14044
14054
14065
14074
14074
14077
14136
14151
14160
14174
14190
14197
14206
14207
14214
14221
14226
14239
14246
14282
14283
14287
14298
14304
14306
14335
14348
14363
14363
14377
14378
14398
14407
14411
14452
14459
14466
14466
14469
14486
14490
14498
14499
14510
14516
14523
14526
14531
14533
14533
14537
14539
14551
14563
14581
14587
14592
14609
14615
14623
14640
14658
14687
14691
14705
14707
14708
14708
14714
14715
14717
14721
14726
14743
14776
14788
14789
14789
14791
14816
14818
14838
14847
14848
14854
14867
14870
14913
14929
14933
14934
14937
14942
14958
14984
14995
15028
15033
15034
15051
15061
15064
15065
15075
15075
15076
15078
15080
15090
15117
15132
15148
15148
15149
15150
15152
15155
15167
15192
15207
15222
15234
15248
15251
15252
15265
15268
15282
15305
15331
15354
15373
15379
15387
15394
15395
15395
15444
15448
15449
15453
15468
15476
15486
15486
15489
15495
15525
15536
15536
15547
15563
15577
15583
15585
15588
15612
15624
15627
15639
15644
15693
15707
15713
15716
15723
15756
15767
15770
15782
15815
15822
15838
15850
15873
15888
15897
15899
15905
15913
15930
15935
15950
15955
15956
15958
15969
15970
15991
15992
15998
16005
16007
16023
16055
16056
16058
16064
16073
16077
16086
16108
16112
16132
16133
16140
16147
16147
16149
16153
16157
16164
16171
16175
16187
16197
16198
16199
16205
16230
16230
16243
16252
16279
16283
16291
16347
16357
16373
16382
16396
16418
16430
16478
16481
16486
16488
16496
16501
16506
16515
16521
16527
16544
16563
16568
16570
16581
16584
16613
16621
16633
16642
16682
16690
16698
16699
16727
16770
16776
16788
16795
16806
16813
16839
16840
16846
16885
16901
16904
16905
16906
16914
16916
16917
16930
16938
16938
16940
16946
16958
16962
16964
16985
16987
17000
17001
17033
17041
17054
17056
17066
17076
17077
17134
17140
17144
17153
17159
17159
17162
17175
17178
17181
17208
17245
17247
17291
17304
17308
17343
17349
17368
17371
17374
17376
17378
17387
17389
17401
17419
17434
17436
17441
17450
17454
17477
17481
17512
17523
17527
17541
17541
17546
17587
17589
17592
17601
17601
17608
17612
17613
17620
17639
17643
17644
17655
17656
17657
17668
17669
17673
17691
17713
17721
17725
17742
17747
17799
17804
17806
17811
17816
17818
17826
17860
17888
17910
17933
17938
17943
17945
17950
17979
17981
17994
18010
18017
18028
18030
18039
18070
18075
18113
18151
18153
18167
18170
18171
18200
18201
18204
18209
18225
18237
18251
18296
18297
18298
18328
18345
18430
18448
18452
18456
18466
18474
18481
18486
18500
18513
18517
18535
18539
18544
18557
18559
18562
18573
18574
18609
18643
18649
18656
18657
18662
18679
18697
18698
18698
18710
18718
18723
18726
18753
18782
18804
18817
18823
18828
18830
18843
18854
18862
18875
18886
18887
18887
18906
18918
18925
18937
18948
18976
18976
18979
18981
19004
19005
19014
19020
19038
19039
19046
19050
19057
19059
19102
19109
19120
19145
19151
19169
19174
19182
19193
19205
19238
19247
19263
19268
19276
19282
19290
19307
19308
19309
19312
19312
19320
19321
19329
19331
19333
19334
19347
19366
19374
19384
19391
19395
19420
19425
19440
19448
19456
19456
19457
19465
19467
19470
19470
19481
19485
19512
19515
19520
19522
19527
19530
19536
19564
19573
19578
19587
19601
19604
19610
19613
19616
19633
19653
19662
19693
19700
19717
19725
19725
19729
19743
19756
19770
19771
19778
19782
19794
19806
19813
19816
19850
19852
19852
19855
19858
19870
19880
19886
19887
19899
19901
19906
19911
19927
19935
19936
19936
19937
19950
19952
19954
19978
20006
20019
20021
20031
20032
20041
20041
20069
20075
20081
20098
20121
20124
20127
20135
20138
20140
20146
20157
20168
20169
20169
20171
20172
20182
20190
20196
20201
20203
20207
20212
20212
20228
20233
20236
20285
20294
20304
20324
20332
20336
20347
20351
20355
20366
20372
20402
20415
20423
20427
20437
20442
20453
20462
20466
20468
20480
20487
20505
20509
20533
20539
20540
20556
20571
20593
20599
20603
20604
20621
20666
20669
20673
20678
20678
20683
20689
20696
20705
20720
20739
20765
20782
20803
20813
20817
20834
20834
20842
20854
20879
20893
20895
20901
20905
20926
20946
20949
20950
21024
21025
21029
21039
21043
21048
21070
21074
21089
21127
21138
21140
21143
21147
21159
21192
21198
21211
21220
21237
21253
21277
21278
21292
21300
21308
21330
21331
21346
21346
21355
21370
21373
21373
21373
21379
21380
21384
21386
21387
21395
21398
21410
21438
21449
21455
21474
21475
21481
21482
21526
21545
21587
21591
21592
21619
21625
21665
21667
21679
21689
21721
21733
21742
21756
21757
21766
21825
21827
21829
21836
21840
21841
21861
21863
21871
21872
21896
21915
21917
21925
21937
21946
21947
21969
21974
21989
22000
22007
22041
22042
22050
22064
22077
22081
22129
22154
22174
22176
22190
22227
22234
22262
22288
22294
22310
22312
22338
22341
22351
22353
22361
22370
22372
22389
22390
22399
22401
22410
22437
22442
22443
22445
22470
22480
22484
22485
22486
22487
22490
22498
22518
22522
22525
22526
22535
22560
22575
22576
22576
22577
22581
22603
22635
22637
22670
22676
22685
22712
22714
22721
22738
22740
22752
22761
22769
22771
22775
22783
22785
22796
22809
22810
22812
22816
22824
22826
22827
22839
22843
22845
22851
22855
22866
22873
22874
22878
22879
22883
22900
22914
22928
22949
22949
22973
23005
23013
23027
23044
23052
23068
23068
23070
23080
23080
23085
23100
23102
23114
23127
23128
23134
23141
23148
23151
23154
23162
23182
23196
23225
23231
23235
23241
23248
23249
23260
23263
23276
23303
23304
23310
23326
23331
23339
23341
23346
23363
23368
23371
23386
23387
23424
23448
23475
23491
23491
23491
23504
23528
23546
23547
23556
23558
23567
23571
23579
23594
23632
23637
23644
23645
23671
23672
23673
23674
23675
23680
23683
23689
23690
23699
23702
23703
23709
23725
23729
23733
23737
23740
23743
23771
23796
23798
23811
23815
23824
23837
23843
23854
23855
23866
23875
23883
23897
23912
23916
23949
23950
23965
23969
23991
24005
24022
24027
24033
24037
24043
24043
24044
24050
24054
24055
24095
24106
24106
24106
24113
24120
24121
24129
24135
24147
24168
24178
24184
24185
24188
24191
24203
24213
24219
24261
24263
24265
24269
24276
24277
24283
24329
24339
24340
24344
24345
24360
24361
24383
24383
24386
24410
24424
24434
24435
24455
24468
24479
24489
24497
24516
24524
24524
24530
24538
24573
24581
24591
24594
24600
24606
24607
24610
24612
24618
24645
24645
24648
24666
24667
24677
24680
24686
24695
24723
24750
24758
24759
24764
24767
24796
24798
24801
24809
24811
24825
24827
24831
24874
24876
24888
24890
24914
24939
24947
24957
24968
24981
24993
25006
25008
25016
25024
25032
25038
25043
25049
25062
25085
25086
25088
25115
25122
25134
25134
25135
25146
25147
25156
25158
25161
25165
25170
25174
25207
25229
25245
25254
25262
25285
25301
25305
25314
25337
25339
25370
25375
25378
25382
25390
25393
25397
25403
25415
25430
25465
25474
25479
25491
25501
25519
25529
25536
25545
25562
25570
25593
25596
25599
25600
25625
25647
25652
25681
25681
25684
25730
25733
25740
25754
25789
25800
25806
25816
25822
25823
25832
25839
25843
25848
25863
25881
25889
25894
25895
25899
25916
25918
25934
25960
25965
25982
25989
25996
26017
26022
26025
26032
26040
26042
26043
26060
26064
26077
26089
26139
26145
26160
26190
26191
26200
26215
26220
26225
26239
26255
26268
26271
26284
26285
26302
26322
26331
26374
26392
26397
26418
26433
26447
26448
26461
26464
26467
26487
26495
26499
26512
26516
26521
26558
26575
26581
26583
26596
26598
26598
26602
26627
26639
26642
26694
26699
26701
26706
26708
26727
26731
26754
26759
26762
26776
26778
26780
26782
26790
26797
26797
26814
26824
26827
26830
26831
26841
26847
26847
26851
26856
26863
26878
26881
26883
26883
26893
26902
26908
26908
26909
26912
26916
26926
26935
26956
26980
26990
26991
26992
27002
27003
27007
27010
27015
27025
27026
27036
27046
27052
27055
27056
27062
27100
27109
27142
27154
27155
27161
27168
27174
27178
27237
27240
27241
27248
27279
27280
27283
27284
27292
27299
27305
27318
27327
27337
27339
27340
27347
27350
27367
27369
27371
27388
27395
27396
27409
27411
27420
27437
27439
27445
27459
27465
27467
27473
27486
27511
27527
27555
27571
27571
27587
27595
27597
27610
27613
27614
27615
27627
27634
27640
27655
27658
27688
27689
27693
27695
27698
27699
27709
27725
27737
27746
27758
27759
27786
27801
27807
27811
27819
27823
27856
27863
27882
27894
27910
27922
27923
27929
27938
27951
28015
28032
28050
28055
28058
28070
28074
28076
28092
28092
28101
28102
28118
28128
28132
28135
28153
28160
28183
28201
28205
28212
28215
28241
28246
28256
28268
28273
28273
28284
28284
28288
28309
28319
28321
28326
28328
28331
28346
28369
28370
28384
28384
28419
28429
28441
28444
28445
28451
28459
28459
28471
28488
28493
28504
28512
28514
28516
28530
28538
28539
28551
28560
28567
28580
28590
28595
28604
28638
28649
28680
28698
28718
28718
28726
28742
28750
28755
28771
28786
28810
28835
28839
28863
28875
28877
28879
28885
28908
28915
28948
29004
29017
29018
29019
29030
29049
29067
29074
29084
29088
29096
29127
29141
29155
29171
29179
29193
29206
29208
29215
29220
29230
29240
29240
29252
29263
29272
29277
29279
29305
29320
29347
29360
29369
29385
29389
29401
29402
29407
29412
29422
29434
29448
29483
29495
29513
29531
29543
29564
29575
29576
29576
29577
29580
29581
29581
29584
29613
29621
29623
29646
29679
29687
29690
29694
29698
29714
29720
29723
29728
29730
29737
29750
29772
29776
29777
29778
29792
29798
29843
29859
29876
29894
29896
29975
29981
30000
30011
30028
30032
30054
30055
30063
30083
30087
30103
30106
30112
30134
30144
30151
30152
30172
30216
30224
30243
30260
30278
30292
30299
30311
30355
30378
30381
30393
30397
30426
30431
30445
30455
30458
30460
30465
30467
30471
30476
30479
30481
30483
30486
30532
30569
30576
30587
30634
30648
30653
30657
30664
30703
30719
30721
30724
30725
30733
30738
30749
30768
30768
30770
30777
30778
30787
30794
30804
30811
30815
30819
30822
30823
30829
30850
30853
30874
30874
30884
30884
30888
30893
30903
30912
30915
30942
30965
30966
30980
30982
30993
31007
31024
31030
31045
31048
31070
31075
31089
31093
31107
31110
31126
31135
31136
31166
31172
31187
31190
31226
31264
31269
31307
31314
31325
31337
31375
31382
31390
31399
31401
31424
31425
31438
31445
31450
31468
31497
31501
31502
31508
31512
31519
31537
31547
31550
31551
31561
31567
31571
31582
31593
31607
31614
31629
31644
31647
31649
31690
31695
31700
31713
31721
31726
31729
31731
31739
31765
31768
31771
31781
31790
31805
31831
31854
31862
31865
31866
31867
31870
31876
31883
31887
31891
31900
31913
31946
31947
31948
31957
31958
31986
31997
32013
32036
32039
32043
32054
32062
32069
32079
32085
32086
32101
32103
32103
32112
32121
32132
32147
32155
32178
32187
32188
32195
32203
32209
32209
32233
32252
32259
32277
32279
32283
32286
32287
32296
32297
32300
32311
32317
32340
32345
32349
32389
32396
32407
32408
32419
32420
32422
32428
32438
32446
32513
32523
32523
32528
32529
32533
32538
32538
32540
32593
32612
32617
32640
32646
32657
32687
32693
32699
32709
32720
32724
32743
32746
32752
32760
32764
32765
32776
32793
32799
32813
32815
32828
32853
32854
32861
32868
32875
32879
32925
32929
32932
32940
32946
32953
32960
32971
32977
32987
32989
32999
33002
33012
33019
33026
33029
33030
33054
33066
33075
33080
33090
33100
33119
33149
33154
33180
33187
33188
33196
33214
33216
33217
33224
33230
33245
33250
33264
33288
33292
33302
33302
33339
33344
33344
33348
33349
33352
33354
33364
33370
33396
33412
33418
33421
33445
33445
33448
33470
33477
33486
33508
33520
33551
33563
33564
33566
33573
33578
33588
33598
33605
33618
33626
33627
33638
33640
33652
33668
33671
33686
33692
33692
33712
33717
33764
33765
33778
33787
33788
33791
33799
33813
33821
33828
33834
33836
33874
33887
33887
33902
33912
33917
33927
33970
33974
33988
33996
34012
34014
34016
34029
34030
34042
34043
34046
34050
34066
34069
34078
34078
34088
34096
34097
34101
34111
34113
34145
34154
34171
34171
34175
34223
34225
34227
34235
34237
34238
34240
34242
34243
34251
34256
34262
34269
34269
34281
34292
34294
34312
34317
34324
34334
34337
34342
34350
34350
34370
34375
34398
34408
34430
34451
34456
34461
34476
34481
34486
34494
34505
34505
34522
34550
34560
34565
34568
34587
34588
34627
34632
34636
34646
34655
34656
34656
34683
34691
34692
34710
34713
34714
34719
34728
34746
34749
34758
34778
34782
34783
34804
34804
34805
34812
34818
34818
34820
34838
34851
34876
34899
34905
34943
34947
34957
34960
34961
35004
35013
35019
35039
35082
35101
35107
35115
35137
35140
35151
35152
35170
35178
35179
35179
35190
35196
35202
35210
35226
35239
35246
35252
35253
35273
35274
35277
35277
35289
35294
35302
35306
35328
35345
35348
35354
35359
35362
35362
35375
35383
35386
35388
35409
35413
35431
35431
35441
35448
35459
35464
35467
35475
35477
35484
35486
35487
35488
35509
35512
35514
35532
35538
35547
35551
35560
35564
35566
35581
35595
35600
35613
35639
35661
35688
35695
35698
35708
35713
35714
35717
35729
35750
35765
35778
35781
35790
35814
35815
35833
35834
35837
35837
35839
35843
35848
35850
35852
35853
35866
35900
35909
35917
35934
35936
35938
35946
35948
35952
35954
35954
35965
35969
35974
35980
35981
36012
36015
36024
36035
36046
36061
36070
36087
36088
36106
36113
36119
36120
36138
36171
36173
36175
36188
36198
36202
36205
36212
36224
36226
36229
36230
36237
36247
36256
36256
36261
36281
36314
36315
36333
36348
36354
36357
36372
36377
36381
36403
36411
36435
36444
36468
36471
36471
36473
36518
36523
36540
36557
36558
36570
36585
36632
36639
36641
36666
36669
36671
36682
36685
36699
36708
36709
36736
36753
36756
36760
36762
36765
36771
36772
36793
36797
36814
36817
36821
36833
36836
36837
36839
36854
36869
36877
36882
36886
36917
36938
36938
36945
36970
36985
37007
37058
37063
37067
37068
37070
37072
37074
37094
37108
37135
37149
37158
37169
37193
37228
37231
37248
37254
37259
37264
37280
37284
37285
37290
37294
37305
37324
37333
37343
37347
37355
37375
37379
37388
37396
37397
37400
37405
37423
37425
37433
37435
37449
37472
37484
37503
37529
37542
37562
37563
37564
37569
37597
37598
37616
37631
37636
37643
37644
37660
37683
37688
37690
37699
37704
37718
37720
37720
37766
37769
37774
37783
37789
37808
37811
37820
37831
37833
37849
37857
37865
37872
37879
37883
37899
37900
37904
37906
37915
37921
37927
37937
37939
37961
37961
37969
37975
37993
38004
38017
38036
38041
38043
38044
38058
38063
38063
38071
38081
38088
38103
38131
38142
38145
38146
38150
38168
38187
38189
38199
38207
38227
38263
38264
38268
38275
38291
38302
38314
38320
38327
38338
38340
38346
38359
38365
38381
38388
38395
38397
38407
38409
38417
38445
38453
38457
38463
38484
38506
38514
38626
38635
38638
38643
38656
38658
38670
38682
38684
38699
38699
38700
38700
38710
38717
38749
38782
38787
38794
38805
38814
38840
38852
38858
38869
38871
38880
38896
38900
38913
38920
38922
38934
38945
38948
38953
38958
38960
38993
38993
38997
39002
39004
39005
39007
39021
39025
39029
39036
39038
39040
39048
39065
39090
39091
39099
39102
39105
39124
39133
39138
39140
39140
39148
39193
39193
39205
39210
39219
39235
39249
39252
39270
39272
39281
39297
39310
39315
39329
39338
39348
39363
39364
39365
39372
39378
39389
39400
39407
39407
39414
39419
39422
39437
39443
39448
39448
39459
39460
39472
39502
39503
39505
39507
39531
39533
39539
39551
39588
39605
39606
39626
39632
39666
39678
39693
39693
39699
39737
39755
39768
39785
39793
39797
39812
39813
39815
39817
39822
39840
39847
39851
39854
39864
39865
39867
39872
39882
39903
39913
39917
39921
39921
39934
39936
39950
39973
39992
40000
40015
40017
40025
40042
40046
40048
40065
40077
40079
40103
40112
40115
40121
40124
40142
40151
40157
40161
40170
40187
40201
40204
40213
40214
40223
40244
40245
40246
40256
40260
40264
40265
40271
40271
40276
40293
40293
40301
40327
40346
40350
40362
40370
40373
40383
40384
40387
40390
40392
40422
40425
40436
40440
40448
40464
40465
40470
40475
40488
40496
40523
40531
40542
40547
40549
40550
40551
40555
40564
40567
40568
40572
40578
40580
40601
40618
40630
40632
40653
40658
40658
40666
40700
40705
40720
40722
40752
40756
40757
40777
40782
40804
40809
40837
40839
40848
40854
40865
40868
40869
40877
40913
40929
40943
40949
40962
40969
40971
40977
40977
40980
40981
41014
41018
41018
41021
41039
41041
41046
41055
41066
41068
41074
41077
41077
41077
41099
41102
41111
41132
41137
41143
41147
41155
41159
41161
41179
41195
41195
41199
41210
41243
41251
41267
41268
41273
41289
41290
41298
41299
41302
41305
41307
41312
41325
41342
41344
41354
41358
41358
41395
41399
41408
41414
41416
41424
41441
41458
41458
41461
41462
41469
41474
41520
41547
41547
41571
41580
41588
41593
41594
41600
41600
41602
41607
41620
41636
41640
41644
41648
41652
41662
41679
41684
41689
41691
41698
41703
41793
41799
41801
41822
41824
41824
41826
41840
41845
41847
41882
41883
41892
41906
41923
41933
41935
41936
41939
41943
41957
41967
41971
41972
41996
41999
42008
42027
42028
42029
42042
42044
42055
42056
42082
42083
42096
42098
42099
42106
42112
42128
42135
42148
42159
42190
42224
42225
42238
42258
42262
42271
42285
42287
42288
42292
42294
42308
42326
42326
42328
42345
42347
42358
42360
42374
42387
42415
42416
42417
42431
42451
42460
42479
42514
42527
42528
42554
42573
42583
42589
42595
42596
42600
42602
42641
42654
42657
42669
42705
42714
42720
42730
42736
42745
42750
42750
42752
42800
42838
42850
42861
42864
42864
42865
42866
42872
42885
42901
42931
42944
42945
42955
42972
42982
42998
43000
43034
43037
43058
43068
43078
43080
43086
43095
43104
43106
43120
43134
43136
43142
43149
43158
43166
43196
43199
43212
43217
43220
43230
43235
43241
43247
43273
43281
43289
43290
43297
43302
43308
43317
43317
43324
43346
43346
43355
43375
43379
43382
43402
43417
43424
43430
43446
43447
43451
43452
43460
43493
43539
43557
43562
43571
43577
43587
43592
43601
43616
43620
43620
43628
43629
43635
43635
43637
43639
43663
43667
43672
43673
43679
43682
43685
43688
43690
43724
43726
43737
43745
43753
43767
43773
43783
43799
43810
43843
43852
43855
43864
43893
43913
43916
43931
43940
43960
44028
44032
44075
44076
44078
44083
44107
44115
44127
44127
44133
44135
44138
44150
44179
44198
44204
44205
44206
44209
44211
44221
44235
44235
44247
44250
44255
44288
44298
44302
44329
44337
44340
44352
44361
44365
44367
44390
44409
44435
44460
44465
44466
44468
44469
44470
44482
44503
44508
44537
44538
44547
44559
44560
44562
44568
44568
44571
44581
44587
44588
44617
44620
44620
44633
44641
44653
44655
44668
44680
44700
44704
44709
44711
44725
44727
44729
44736
44751
44758
44760
44761
44770
44784
44786
44807
44811
44815
44821
44835
44839
44852
44877
44883
44888
44901
44912
44914
44915
44927
44941
44957
44959
44971
44988
45016
45025
45049
45057
45059
45067
45072
45073
45087
45115
45122
45131
45135
45141
45153
45172
45181
45187
45201
45201
45219
45223
45233
45236
45236
45253
45253
45254
45280
45281
45296
45302
45303
45309
45314
45322
45337
45350
45354
45365
45380
45397
45423
45426
45429
45432
45440
45442
45445
45463
45464
45472
45506
45517
45517
45518
45520
45523
45539
45556
45572
45575
45604
45609
45629
45636
45664
45665
45676
45689
45702
45728
45730
45738
45743
45744
45758
45760
45763
45772
45779
45789
45795
45812
45815
45819
45828
45832
45834
45838
45839
45843
45851
45854
45867
45873
45874
45874
45890
45892
45897
45913
45914
45917
45945
45945
45946
45952
45981
45995
45998
46025
46029
46041
46076
46083
46085
46087
46115
46125
46132
46135
46136
46141
46194
46219
46224
46231
46240
46248
46262
46277
46344
46358
46382
46390
46412
46412
46415
46416
46421
46438
46469
46469
46475
46481
46505
46508
46512
46544
46545
46558
46569
46608
46619
46636
46641
46662
46673
46692
46714
46715
46726
46736
46753
46755
46757
46758
46768
46773
46804
46809
46823
46824
46857
46865
46869
46879
46884
46895
46900
46900
46901
46904
46907
46924
46935
46947
46986
46993
46997
47014
47052
47063
47070
47074
47088
47098
47099
47105
47119
47126
47127
47147
47152
47176
47180
47180
47198
47207
47208
47219
47221
47221
47240
47241
47256
47256
47261
47266
47280
47301
47314
47346
47348
47386
47420
47426
47431
47443
47448
47451
47461
47485
47485
47494
47516
47543
47570
47580
47585
47589
47597
47603
47613
47633
47652
47663
47683
47733
47736
47738
47739
47741
47746
47755
47756
47760
47762
47764
47772
47785
47841
47875
47892
47893
47921
47925
47952
47953
47953
47958
47972
47992
47999
48002
48009
48016
48039
48056
48062
48071
48074
48090
48105
48112
48123
48131
48150
48156
48160
48168
48170
48171
48172
48174
48190
48196
48201
48207
48213
48223
48224
48228
48234
48277
48283
48288
48292
48293
48318
48322
48327
48347
48351
48366
48374
48385
48385
48387
48388
48392
48393
48398
48409
48417
48420
48422
48433
48472
48473
48493
48493
48498
48498
48501
48516
48522
48542
48545
48550
48574
48575
48582
48605
48613
48614
48622
48624
48637
48649
48663
48673
48675
48679
48680
48689
48695
48700
48718
48721
48738
48752
48786
48790
48799
48823
48825
48826
48840
48863
48884
48895
48899
48900
48900
48919
48919
48931
48937
48946
48948
48964
48965
48967
48970
48986
48990
48991
49010
49023
49040
49048
49051
49052
49053
49059
49060
49060
49066
49074
49076
49091
49097
49100
49102
49112
49114
49150
49156
49164
49185
49196
49197
49222
49263
49292
49300
49325
49334
49336
49336
49377
49378
49395
49399
49406
49410
49419
49446
49475
49481
49481
49488
49527
49529
49543
49544
49565
49575
49579
49582
49587
49591
49600
49607
49610
49624
49626
49636
49645
49650
49672
49673
49680
49687
49693
49730
49738
49744
49759
49768
49772
49780
49797
49804
49804
49810
49812
49814
49842
49843
49860
49872
49875
49886
49896
49941
49948
49975
49975
49987
