-9983
-9957
-9952
-9943
-9891
-9880
-9872
-9872
-9865
-9859
-9824
-9823
-9815
-9784
-9774
-9740
-9702
-9693
-9691
-9636
-9632
-9597
-9585
-9582
-9518
-9478
-9478
-9444
-9418
-9356
-9308
-9287
-9280
-9274
-9273
-9224
-9222
-9158
-9149
-9135
-9104
-9099
-9097
-9086
-9080
-9054
-9053
-9046
-9046
-9044
-9041
-9004
-8995
-8984
-8961
-8958
-8954
-8940
-8910
-8895
-8863
-8857
-8846
-8841
-8818
-8809
-8796
-8787
-8773
-8724
-8716
-8701
-8679
-8677
-8663
-8662
-8646
-8628
-8609
-8601
-8502
-8421
-8414
-8411
-8311
-8306
-8297
-8275
-8255
-8230
-8218
-8213
-8185
-8133
-8088
-8044
-8037
-8013
-7991
-7988
-7966
-7954
-7936
-7929
-7893
-7884
-7857
-7847
-7840
-7837
-7824
-7819
-7805
-7761
-7760
-7747
-7711
-7691
-7645
-7614
-7605
-7545
-7542
-7521
-7520
-7516
-7510
-7496
-7417
-7408
-7401
-7388
-7388
-7308
-7301
-7211
-7206
-7202
-7197
-7168
-7109
-7073
-7070
-7023
-7023
-7009
-7000
-6970
-6966
-6960
-6944
-6897
-6832
-6826
-6818
-6794
-6793
-6790
-6790
-6788
-6771
-6766
-6761
-6751
-6719
-6678
-6666
-6643
-6608
-6598
-6576
-6570
-6552
-6531
-6527
-6520
-6502
-6460
-6450
-6429
-6380
-6376
-6372
-6359
-6344
-6312
-6301
-6287
-6271
-6253
-6251
-6241
-6172
-6140
-6131
-6073
-6026
-6025
-5918
-5916
-5903
-5878
-5851
-5828
-5806
-5796
-5793
-5781
-5747
-5734
-5726
-5712
-5694
-5676
-5648
-5643
-5616
-5587
-5584
-5583
-5547
-5530
-5527
-5527
-5517
-5481
-5462
-5452
-5449
-5440
-5374
-5329
-5315
-5288
-5287
-5268
-5265
-5249
-5237
-5230
-5224
-5222
-5209
-5205
-5156
-5121
-5098
-5092
-5048
-5043
-5016
-5002
-4998
-4968
-4956
-4854
-4823
-4819
-4813
-4801
-4800
-4799
-4780
-4777
-4752
-4748
-4721
-4698
-4688
-4657
-4624
-4608
-4607
-4569
-4558
-4551
-4535
-4533
-4525
-4461
-4426
-4409
-4402
-4374
-4325
-4302
-4302
-4301
-4250
-4239
-4232
-4226
-4212
-4189
-4076
-4069
-4060
-4059
-4054
-4005
-3997
-3968
-3962
-3957
-3945
-3932
-3920
-3910
-3900
-3858
-3805
-3775
-3759
-3756
-3666
-3611
-3601
-3534
-3527
-3521
-3516
-3509
-3508
-3505
-3501
-3482
-3450
-3432
-3426
-3413
-3381
-3345
-3333
-3333
-3293
-3284
-3268
-3231
-3216
-3202
-3200
-3193
-3138
-3130
-3128
-3105
-3100
-3097
-3070
-3035
-3026
-3007
-3000
-3000
-2991
-2969
-2960
-2945
-2939
-2937
-2930
-2922
-2862
-2856
-2838
-2836
-2812
-2783
-2753
-2727
-2709
-2708
-2694
-2638
-2607
-2578
-2577
-2567
-2552
-2511
-2503
-2489
-2472
-2416
-2412
-2412
-2365
-2354
-2343
-2285
-2255
-2252
-2222
-2213
-2204
-2194
-2194
-2193
-2187
-2171
-2168
-2163
-2153
-2108
-2076
-2056
-2044
-2044
-2030
-2021
-1977
-1968
-1967
-1961
-1956
-1953
-1951
-1950
-1921
-1884
-1865
-1849
-1838
-1837
-1835
-1797
-1797
-1788
-1783
-1768
-1758
-1673
-1612
-1608
-1601
-1570
-1542
-1522
-1508
-1495
-1494
-1491
-1483
-1441
-1398
-1383
-1382
-1327
-1325
-1306
-1303
-1296
-1279
-1275
-1267
-1261
-1185
-1184
-1122
-1106
-1083
-1075
-1065
-1059
-1034
-1031
-1016
-977
-972
-952
-950
-945
-941
-908
-878
-869
-849
-836
-814
-797
-781
-779
-776
-769
-762
-734
-730
-719
-681
-673
-672
-661
-654
-641
-626
-587
-557
-526
-383
-348
-347
-340
-327
-326
-308
-236
-224
-223
-91
-89
-86
-64
-39
-28
12
14
21
48
58
96
97
159
187
214
279
282
304
330
335
347
354
374
376
400
407
418
451
500
523
577
587
599
601
618
634
639
714
717
758
818
879
895
904
908
945
949
962
973
973
977
998
1028
1032
1053
1104
1171
1184
1188
1241
1258
1268
1272
1278
1324
1347
1377
1378
1425
1428
1428
1468
1482
1497
1510
1538
1543
1572
1576
1616
1627
1631
1657
1687
1704
1725
1755
1775
1786
1788
1826
1838
1860
1870
1882
1894
1922
1955
2012
2053
2053
2063
2065
2083
2086
2089
2097
2121
2124
2173
2178
2194
2201
2230
2236
2285
2294
2294
2313
2320
2329
2338
2344
2355
2368
2369
2373
2376
2404
2450
2454
2460
2460
2477
2483
2486
2492
2493
2511
2597
2602
2611
2637
2643
2656
2664
2692
2700
2748
2762
2787
2804
2819
2832
2839
2840
2859
2865
2921
2929
2963
2978
2981
2988
2995
2997
3001
3003
3057
3060
3068
3073
3106
3125
3134
3147
3177
3183
3203
3230
3249
3284
3303
3382
3391
3453
3485
3548
3584
3590
3602
3607
3664
3687
3688
3709
3731
3769
3804
3836
3843
3848
3964
3966
3969
3973
3976
3981
3998
4030
4033
4100
4111
4131
4146
4169
4172
4217
4248
4248
4275
4390
4392
4446
4464
4465
4492
4498
4525
4567
4584
4606
4607
4611
4660
4665
4675
4680
4698
4726
4761
4808
4825
4825
4831
4838
4862
4881
4884
4909
4929
4978
4994
5035
5069
5076
5123
5124
5127
5135
5159
5167
5184
5187
5190
5277
5328
5344
5352
5373
5477
5479
5495
5503
5510
5536
5541
5543
5567
5610
5616
5681
5694
5734
5811
5846
5854
5867
5891
5909
5949
5952
5965
5967
6007
6023
6039
6050
6056
6077
6082
6085
6093
6097
6122
6171
6173
6175
6179
6181
6185
6196
6217
6225
6262
6273
6276
6287
6299
6316
6320
6346
6358
6360
6377
6380
6384
6385
6400
6404
6410
6443
6462
6532
6566
6589
6615
6646
6658
6674
6737
6753
6766
6770
6784
6827
6888
6903
6969
6978
6987
6995
7007
7017
7035
7049
7084
7088
7098
7105
7109
7112
7133
7153
7155
7168
7172
7212
7213
7216
7220
7226
7234
7270
7282
7292
7302
7306
7326
7358
7364
7380
7421
7458
7468
7476
7549
7554
7573
7583
7586
7600
7616
7619
7621
7626
7640
7670
7673
7687
7710
7712
7728
7759
7783
7793
7805
7810
7813
7827
7832
7836
7850
7866
8017
8024
8026
8054
8078
8126
8148
8165
8414
8415
8442
8449
8533
8536
8561
8562
8582
8631
8640
8647
8705
8763
8795
8841
8843
8860
8921
8945
8966
9030
9055
9056
9073
9108
9147
9165
9203
9215
9242
9246
9248
9256
9268
9287
9322
9370
9444
9462
9492
9510
9519
9520
9522
9549
9554
9574
9583
9591
9622
9623
9672
9672
9682
9709
9726
9745
9745
9777
9793
9817
9825
9836
9885
9893
9921
9929
9949
